step,type,amount,oldbalanceOrg,newbalanceOrig,oldbalanceDest,newbalanceDest
228,CASH_OUT,21175.0,146819.0,125644.0,829856.34,851031.33
205,CASH_OUT,239348.92,12331.0,0.0,390678.4,630027.31
596,CASH_OUT,285565.43,0.0,0.0,646594.96,932160.39
36,TRANSFER,790629.53,10275.0,0.0,757687.65,1548317.18
401,CASH_OUT,302135.59,307415.0,5279.41,401849.05,703984.64
254,CASH_OUT,60768.36,0.0,0.0,2140920.68,2201689.04
190,CASH_OUT,158909.65,0.0,0.0,287929.1,446838.75
358,TRANSFER,49631.87,101315.0,51683.13,25900.76,75532.63
187,TRANSFER,1957197.74,25483.0,0.0,0.0,1957197.74
661,CASH_OUT,378530.86,21039.0,0.0,1758275.65,2136806.52
44,CASH_OUT,266216.2,0.0,0.0,5273916.71,5540132.91
18,CASH_OUT,156453.47,117326.0,0.0,292753.97,456471.68
351,CASH_OUT,181055.71,0.0,0.0,1536837.36,1717893.06
299,CASH_OUT,310882.32,0.0,0.0,9335344.53,9646226.86
305,CASH_OUT,26146.83,18808.0,0.0,1368995.56,1395142.39
522,TRANSFER,1881651.52,101421.0,0.0,29906.49,1911558.01
187,CASH_OUT,153627.17,0.0,0.0,5145103.97,5298731.14
164,CASH_OUT,199655.38,54432.0,0.0,1054240.69,1253896.06
163,CASH_OUT,45236.47,0.0,0.0,654764.44,700000.91
212,CASH_OUT,212161.37,0.0,0.0,2843187.32,3055348.7
307,TRANSFER,238445.26,1000.0,0.0,174627.8,413073.06
206,CASH_OUT,29291.04,20708.0,0.0,113083.5,142374.54
284,CASH_OUT,190245.05,0.0,0.0,437371.7,627616.75
375,CASH_OUT,20892.82,0.0,0.0,116410.71,137303.53
305,TRANSFER,6538949.06,106845.0,0.0,0.0,6538949.06
345,CASH_OUT,263143.25,422841.0,159697.75,1247709.84,1510853.09
349,CASH_OUT,21758.1,0.0,0.0,2337644.42,2359402.52
164,CASH_OUT,70917.15,20978.0,0.0,1179374.95,1250292.1
283,CASH_OUT,479095.87,0.0,0.0,2291957.18,2771053.05
187,CASH_OUT,113387.44,90056.0,0.0,1009168.0,1122555.44
398,CASH_OUT,56710.04,8352.0,0.0,4942787.62,4999497.66
406,CASH_OUT,140475.26,21255.0,0.0,1249013.63,1389488.89
14,CASH_OUT,203601.29,0.0,0.0,770022.05,1658813.67
329,CASH_OUT,242400.67,0.0,0.0,534882.14,777282.81
346,CASH_OUT,320024.02,188564.0,0.0,880228.22,1200252.24
525,CASH_OUT,35625.42,0.0,0.0,177198.17,212823.59
377,CASH_OUT,520130.42,9737.0,0.0,1050746.1,1570876.52
284,CASH_OUT,408197.96,0.0,0.0,1803230.57,2211428.53
251,CASH_OUT,183742.82,0.0,0.0,527721.65,711464.47
356,CASH_OUT,89293.76,881.0,0.0,2245557.78,2334851.55
163,CASH_OUT,170909.42,0.0,0.0,253684.02,424593.43
378,CASH_OUT,70664.15,0.0,0.0,1430505.39,1501169.54
22,TRANSFER,2130683.66,10596.38,0.0,4736922.21,6867605.87
160,TRANSFER,1455331.77,0.0,0.0,4421526.9,5876858.67
38,TRANSFER,536621.64,11634.0,0.0,373108.29,909729.94
302,CASH_OUT,115647.17,36.0,0.0,2148692.05,2264339.22
402,TRANSFER,1221597.78,349404.42,0.0,1741938.05,2963535.83
249,TRANSFER,1459976.16,0.0,0.0,1770530.92,3230507.08
208,CASH_OUT,150201.17,83487.0,0.0,3593517.17,3743718.35
355,CASH_OUT,602827.33,0.0,0.0,4897907.59,5500734.92
400,TRANSFER,876874.56,11344.0,0.0,67282.49,944157.06
18,CASH_OUT,509874.8,43882.0,0.0,174026.66,855344.59
375,CASH_OUT,293257.67,0.0,0.0,2853427.62,3146685.29
257,TRANSFER,242972.59,0.0,0.0,523585.77,766558.36
321,CASH_OUT,373899.56,0.0,0.0,496160.84,870060.41
142,CASH_OUT,308482.06,0.0,0.0,339470.67,647952.73
40,CASH_OUT,341282.6,52188.0,0.0,0.0,341282.6
203,CASH_OUT,257062.74,10215.0,0.0,479206.24,736268.98
40,TRANSFER,848634.45,26279.0,0.0,0.0,1379141.52
372,CASH_OUT,91936.52,0.0,0.0,1550930.39,1642866.91
257,CASH_OUT,173024.54,326152.0,153127.46,2991055.16,3164079.7
184,CASH_OUT,39416.9,17897.0,0.0,42967.39,82384.29
38,CASH_OUT,20789.74,0.0,0.0,3655443.5,3676233.25
188,CASH_OUT,63551.03,0.0,0.0,916261.1,979812.13
299,CASH_OUT,246826.4,50471.0,0.0,290133.7,536960.1
394,CASH_OUT,195425.55,0.0,0.0,354651.41,550076.96
47,TRANSFER,173794.71,10698.0,0.0,3490928.8,3664723.51
235,CASH_OUT,127762.79,0.0,0.0,538465.31,666228.1
158,CASH_OUT,186398.87,0.0,0.0,2460039.21,2646438.08
260,CASH_OUT,339883.47,0.0,0.0,1068225.35,1408108.82
251,CASH_OUT,231079.19,52047.0,0.0,66447.36,297526.55
44,TRANSFER,914828.51,0.0,0.0,2090586.45,3005414.96
231,TRANSFER,725335.13,0.0,0.0,11957632.29,12682967.43
153,CASH_OUT,80071.4,0.0,0.0,490395.94,570467.34
43,CASH_OUT,596011.65,0.0,0.0,4986795.21,5582806.85
237,TRANSFER,187090.27,0.0,0.0,4165369.13,4352459.39
135,CASH_OUT,93778.83,710669.0,616890.17,569726.78,663505.61
166,CASH_OUT,357604.09,223153.0,0.0,10884722.54,11242326.63
286,CASH_OUT,238527.44,210769.76,0.0,461067.48,699594.92
378,CASH_OUT,313882.9,0.0,0.0,1538495.38,1852378.28
185,CASH_OUT,44655.04,0.0,0.0,1668495.43,1713150.47
276,TRANSFER,901959.86,946210.0,44250.14,515815.65,1417775.51
235,CASH_OUT,146135.75,50094.0,0.0,6663.02,152798.76
130,CASH_OUT,286866.8,585.0,0.0,0.0,286866.8
15,CASH_OUT,54430.24,0.0,0.0,56177.0,0.0
130,CASH_OUT,339029.44,32452.0,0.0,0.0,339029.44
373,CASH_OUT,430608.33,255806.0,0.0,23867.68,454476.01
369,CASH_OUT,148829.8,0.0,0.0,2785638.74,2934468.54
37,CASH_OUT,149818.44,0.0,0.0,4886896.91,5036715.34
153,CASH_OUT,209529.77,1801.0,0.0,316967.25,526497.02
18,CASH_OUT,218788.79,21944.0,0.0,0.0,218788.79
283,CASH_OUT,31819.62,299684.0,267864.38,2820.57,34640.18
166,CASH_OUT,270657.76,0.0,0.0,1063597.35,1334255.11
282,CASH_OUT,381072.05,0.0,0.0,2677535.56,3058607.61
96,TRANSFER,20982.77,0.0,0.0,1568223.23,1589205.99
377,CASH_OUT,143304.33,4405.0,0.0,0.0,143304.33
347,CASH_OUT,388738.05,34345.0,0.0,0.0,388738.05
226,CASH_OUT,90508.32,51656.0,0.0,77087.85,167596.17
407,CASH_OUT,272121.18,0.0,0.0,699783.76,971904.94
281,CASH_OUT,223585.6,210651.69,0.0,1147310.55,1519530.99
276,CASH_OUT,208604.83,3738.0,0.0,1887159.25,2095764.08
469,CASH_OUT,103746.82,47272.16,0.0,879683.32,983430.14
19,TRANSFER,208434.0,0.0,0.0,1314138.14,1596754.72
180,CASH_OUT,24212.4,35824.0,11611.6,8710795.66,8735008.05
208,CASH_OUT,86320.75,247.0,0.0,462941.2,549261.96
262,CASH_OUT,197201.03,0.0,0.0,565733.01,762934.04
15,CASH_OUT,143861.57,0.0,0.0,1461651.25,1605512.82
253,CASH_OUT,46127.15,0.0,0.0,2718580.41,2764707.56
41,CASH_OUT,264256.72,0.0,0.0,3608016.51,4209996.29
213,TRANSFER,87169.63,0.0,0.0,416140.43,503310.06
303,TRANSFER,26777295.45,0.0,0.0,31126948.72,57904244.17
207,CASH_OUT,6888.12,34251.0,27362.88,648741.46,655629.58
404,CASH_OUT,96878.32,171668.0,74789.68,4938947.77,5035826.08
132,CASH_OUT,2409.04,6229.0,3819.96,0.0,2409.04
155,CASH_OUT,42468.55,0.0,0.0,1006410.78,1048879.34
209,TRANSFER,218875.43,134643.0,0.0,0.0,218875.43
373,CASH_OUT,283578.04,51287.0,0.0,275432.93,559010.98
563,TRANSFER,318059.33,0.0,0.0,1138309.14,1456368.47
129,TRANSFER,473491.64,0.0,0.0,1686892.22,2160383.86
374,CASH_OUT,363353.1,147219.0,0.0,177470.0,540823.1
323,CASH_OUT,73115.8,0.0,0.0,173292.03,246407.83
299,CASH_OUT,128935.85,18824.0,0.0,316942.5,445878.35
307,CASH_OUT,19933.25,308947.0,289013.75,147806.45,267249.27
226,CASH_OUT,297551.42,42056.0,0.0,1274494.62,1572046.04
188,CASH_OUT,162373.41,101243.0,0.0,1487342.16,1649715.57
40,TRANSFER,749572.13,0.0,0.0,2152478.49,2902050.62
213,CASH_OUT,302555.12,0.0,0.0,710374.96,1012930.09
209,CASH_OUT,306507.49,26635.0,0.0,21488.58,327996.07
185,CASH_OUT,55204.41,86158.0,30953.59,14106599.43,14161803.84
228,TRANSFER,187911.88,0.0,0.0,9614511.74,9802423.62
347,CASH_OUT,11689.76,0.0,0.0,1225733.64,1237423.4
212,CASH_OUT,154916.47,11720.0,0.0,205728.78,360645.25
38,CASH_OUT,4694.02,950.0,0.0,5710890.65,5715584.67
490,CASH_OUT,197365.8,163800.0,0.0,422707.08,620072.89
202,CASH_OUT,380555.83,38754.0,0.0,1508952.42,1889508.24
230,CASH_OUT,64107.48,205133.0,141025.52,0.0,64107.48
403,CASH_OUT,136204.59,0.0,0.0,649581.36,785785.94
135,TRANSFER,157955.74,0.0,0.0,7531229.06,7689184.81
351,CASH_OUT,190781.21,40320.0,0.0,111502.95,302284.16
227,CASH_OUT,207992.23,0.0,0.0,2160238.86,2368231.09
232,CASH_OUT,329664.39,80875.0,0.0,941692.83,1271357.22
402,CASH_OUT,304446.97,0.0,0.0,5083421.56,5387868.53
181,TRANSFER,1245946.25,279740.27,0.0,1601966.85,2847913.1
236,CASH_OUT,7419.34,0.0,0.0,184083.16,191502.5
33,CASH_OUT,109429.26,0.0,0.0,196795.71,306224.97
165,TRANSFER,1399861.11,0.0,0.0,2076915.38,3476776.5
229,CASH_OUT,70647.47,21089.0,0.0,229077.06,299724.53
157,TRANSFER,937613.0,450913.85,0.0,1403081.64,2340694.64
164,CASH_OUT,283312.01,60310.0,0.0,729335.19,1012647.2
307,CASH_OUT,52749.93,51866.0,0.0,879476.74,932226.67
36,CASH_OUT,521441.22,0.0,0.0,2950335.29,3471776.51
137,CASH_OUT,65317.36,0.0,0.0,356840.0,422157.35
206,TRANSFER,456361.64,46177.0,0.0,669596.77,1125958.41
254,CASH_OUT,42442.36,0.0,0.0,117272.34,159714.7
304,TRANSFER,10000000.0,101010.0,0.0,648508.98,12217717.65
48,CASH_OUT,150165.96,0.0,0.0,1394652.92,1544818.88
191,CASH_OUT,51793.05,0.0,0.0,4384080.35,4435873.39
402,CASH_OUT,71163.09,1438.0,0.0,3642692.86,3713855.95
375,TRANSFER,110530.98,864.0,0.0,2653331.94,2763862.92
34,CASH_OUT,246729.58,5809.0,0.0,3655485.88,4980509.66
16,TRANSFER,280136.89,0.0,0.0,1587128.69,1867265.58
37,CASH_OUT,162401.24,103014.0,0.0,0.0,162401.24
374,CASH_OUT,681485.04,0.0,0.0,1687140.19,2368625.22
284,CASH_OUT,167704.1,22048.83,0.0,3671931.59,3441116.46
227,CASH_OUT,145603.76,0.0,0.0,4361499.16,4507102.92
335,TRANSFER,2510850.01,0.0,0.0,3769746.68,6280596.69
525,CASH_OUT,97087.08,0.0,0.0,1704528.37,1801615.45
380,CASH_OUT,200083.34,0.0,0.0,3854907.62,4054990.96
378,CASH_OUT,2778.81,0.0,0.0,814014.41,816793.22
396,CASH_OUT,89877.69,0.0,0.0,7447439.85,7537317.54
275,CASH_OUT,17999.18,81706.0,63706.82,0.0,17999.18
256,TRANSFER,340091.78,0.0,0.0,4063841.84,4403933.62
374,CASH_OUT,411466.13,6567.0,0.0,955655.47,1367121.61
9,CASH_OUT,88998.61,0.0,0.0,469052.51,205846.82
330,CASH_OUT,283639.59,274.0,0.0,901009.92,1184649.52
164,CASH_OUT,48200.8,0.0,0.0,107330.0,85153.68
322,CASH_OUT,67965.37,0.0,0.0,166812.23,234777.6
37,CASH_OUT,248686.44,0.0,0.0,455916.23,704602.67
373,CASH_OUT,103005.19,0.0,0.0,12270702.7,12373707.89
349,TRANSFER,2132877.2,6509.0,0.0,66897.18,2199774.38
714,CASH_OUT,38873.33,22106.0,0.0,0.0,38873.33
13,CASH_OUT,172177.69,0.0,0.0,3429836.72,3602014.41
19,CASH_OUT,51924.36,0.0,0.0,1767881.44,1819805.8
683,TRANSFER,352222.36,20719.0,0.0,537336.61,889558.97
469,CASH_OUT,38793.69,30864.0,0.0,72031.45,110825.14
204,CASH_OUT,350404.88,0.0,0.0,6338341.11,6688746.0
132,TRANSFER,447972.33,117816.0,0.0,72529.39,520501.72
377,CASH_OUT,186506.63,82170.0,0.0,0.0,186506.63
349,CASH_OUT,154209.54,0.0,0.0,683705.38,837914.92
400,TRANSFER,1247611.61,11385.0,0.0,1623635.73,2871247.34
331,CASH_OUT,491219.58,0.0,0.0,4894268.75,5385488.32
354,CASH_OUT,12861.67,0.0,0.0,268994.23,281855.9
298,CASH_OUT,135486.5,52117.0,0.0,702098.1,837584.6
10,CASH_OUT,181853.96,0.0,0.0,631079.33,1117043.99
203,CASH_OUT,215709.94,14422.0,0.0,0.0,215709.94
38,CASH_OUT,154118.23,0.0,0.0,347807.36,501925.59
16,CASH_OUT,340245.06,32041.0,0.0,179772.75,481735.63
426,CASH_OUT,106035.69,5005.0,0.0,15778.35,121814.04
251,CASH_OUT,27671.57,0.0,0.0,556979.53,584651.1
189,CASH_OUT,60111.06,1593.0,0.0,0.0,60111.06
180,CASH_OUT,199276.29,0.0,0.0,595099.02,794375.31
350,CASH_OUT,424033.14,20995.2,0.0,2409810.87,2833844.01
19,CASH_OUT,39180.71,0.0,0.0,398323.14,438137.13
8,CASH_OUT,196959.47,0.0,0.0,1778048.02,1975007.49
42,CASH_OUT,235747.53,0.0,0.0,517221.28,752968.82
378,CASH_OUT,135997.66,0.0,0.0,431972.01,567969.68
328,TRANSFER,811780.59,0.0,0.0,877338.22,1689118.81
403,CASH_OUT,151994.97,144106.0,0.0,1208073.42,1360068.39
301,CASH_OUT,73445.06,10489.0,0.0,0.0,73445.06
231,TRANSFER,212007.5,111559.0,0.0,189907.59,401915.1
41,CASH_OUT,284005.43,49862.0,0.0,870567.17,1154572.6
163,CASH_OUT,160279.9,0.0,0.0,776141.73,936421.63
136,CASH_OUT,151797.85,82205.0,0.0,0.0,151797.85
12,CASH_OUT,467462.91,21650.0,0.0,0.0,467462.91
308,CASH_OUT,182330.58,0.0,0.0,1089028.14,1271358.72
21,CASH_OUT,62312.24,530238.69,467926.45,521957.88,871745.25
283,CASH_OUT,220168.62,0.0,0.0,2602368.34,2822536.96
403,CASH_OUT,42747.92,0.0,0.0,1371708.11,1414456.03
403,CASH_OUT,243064.68,0.0,0.0,2099889.25,2342953.94
40,CASH_OUT,361148.2,101048.0,0.0,855889.71,1217037.9
307,CASH_OUT,323226.16,0.0,0.0,2933772.5,3256998.66
14,CASH_OUT,113702.39,61752.0,0.0,0.0,113702.39
15,CASH_OUT,9929.01,24477.0,14547.99,61331.11,71260.12
130,TRANSFER,217579.4,269559.13,51979.73,421474.28,639053.68
258,TRANSFER,288508.91,451440.84,162931.93,0.0,288508.91
249,TRANSFER,439870.25,0.0,0.0,652018.0,1091888.25
404,TRANSFER,226511.59,0.0,0.0,1294214.67,1520726.26
229,TRANSFER,738169.66,171900.79,0.0,880253.46,1618423.12
38,CASH_OUT,53218.03,0.0,0.0,216713.84,269931.87
348,CASH_OUT,38481.73,0.0,0.0,56775.02,95256.75
395,CASH_OUT,123419.93,0.0,0.0,245565.06,368984.99
379,CASH_OUT,281875.28,100015.0,0.0,3804770.12,4086645.39
183,TRANSFER,455010.5,80543.0,0.0,1099205.79,1832074.59
542,CASH_OUT,27338.97,0.0,0.0,865502.25,892841.21
134,CASH_OUT,30994.79,29765.0,0.0,374589.54,405584.33
230,CASH_OUT,384179.02,37339.0,0.0,1062696.75,1180050.64
253,CASH_OUT,73725.24,20282.0,0.0,482988.72,556713.96
379,CASH_OUT,134573.13,5475.0,0.0,711374.78,845947.91
207,CASH_OUT,94692.18,0.0,0.0,22905030.54,22999722.72
34,CASH_OUT,179448.57,42476.0,0.0,1196497.58,1694956.04
408,TRANSFER,1193976.01,0.0,0.0,3241132.71,4435108.72
203,CASH_OUT,295393.08,0.0,0.0,958299.81,1253692.89
235,CASH_OUT,49827.3,115784.0,65956.7,0.0,49827.3
329,TRANSFER,303063.99,116750.0,0.0,318107.61,621171.6
185,TRANSFER,266329.61,1225.07,0.0,2534091.55,2800421.16
353,CASH_OUT,280163.17,0.0,0.0,7891403.17,8171566.34
281,TRANSFER,54671.68,0.0,0.0,1009503.46,1064175.15
19,CASH_OUT,252291.57,20871.0,0.0,6052498.75,6304790.32
17,CASH_OUT,295350.84,0.0,0.0,1924166.78,2219517.63
10,CASH_OUT,974921.92,19817.0,0.0,4094425.14,5069347.06
281,TRANSFER,64959.95,111.0,0.0,253509.55,318469.5
181,CASH_OUT,225807.18,0.0,0.0,40083993.03,40309800.21
159,CASH_OUT,254477.42,14497.0,0.0,127205.4,381682.81
40,CASH_OUT,231399.76,0.0,0.0,312359.27,543759.04
524,CASH_OUT,40262.38,22176.0,0.0,7021780.88,7062043.26
496,TRANSFER,497860.57,25249.88,0.0,1972049.42,2469909.99
307,CASH_OUT,87435.88,0.0,0.0,418507.63,505943.51
394,CASH_OUT,173508.86,0.0,0.0,346568.32,520077.18
281,CASH_OUT,253462.07,49688.0,0.0,1003174.42,1256636.49
15,CASH_OUT,59948.61,0.0,0.0,319603.52,644845.61
402,CASH_OUT,73029.47,263443.0,190413.53,1282654.0,1355683.48
371,CASH_OUT,181219.1,991.0,0.0,6668593.64,6849812.74
135,TRANSFER,575540.33,30318.0,0.0,0.0,575540.33
276,TRANSFER,388072.65,10567.0,0.0,2932039.48,3320112.13
306,CASH_OUT,237224.98,0.0,0.0,1590627.39,1827852.36
379,CASH_OUT,87409.41,0.0,0.0,2436525.58,2523934.99
396,TRANSFER,560540.91,0.0,0.0,2185736.41,2746277.32
307,CASH_OUT,117390.5,0.0,0.0,1160238.9,1277629.4
259,CASH_OUT,44837.02,99877.0,55039.98,23581.23,68418.26
347,CASH_OUT,350970.59,56694.0,0.0,557628.09,908598.68
20,CASH_OUT,124772.13,40404.0,0.0,0.0,327263.56
187,CASH_OUT,101767.28,0.0,0.0,1008297.56,1257206.43
704,TRANSFER,1820864.64,1820864.64,0.0,0.0,0.0
130,CASH_OUT,199770.33,220.0,0.0,1171813.26,1516752.04
402,CASH_OUT,192033.9,31115.0,0.0,0.0,192033.9
38,TRANSFER,231927.41,0.0,0.0,899871.89,1131799.3
163,CASH_OUT,191991.81,2222.0,0.0,2083475.09,2275466.9
236,CASH_OUT,87404.01,27761.0,0.0,0.0,87404.01
282,CASH_OUT,50184.92,0.0,0.0,2094413.67,2144598.59
231,CASH_OUT,26213.69,0.0,0.0,30253.16,56466.85
301,CASH_OUT,499293.78,151225.0,0.0,0.0,585237.41
178,CASH_OUT,108746.75,301470.0,192723.25,439757.99,548504.75
407,CASH_OUT,457682.11,0.0,0.0,9936733.5,10394415.61
331,CASH_OUT,191523.78,0.0,0.0,1987558.09,2179081.86
402,TRANSFER,25346.46,15259.0,0.0,1719195.35,1744541.81
44,TRANSFER,493919.92,110293.0,0.0,281384.57,775304.49
329,TRANSFER,923869.03,73544.0,0.0,15073.68,938942.7
402,CASH_OUT,331534.07,0.0,0.0,595142.78,926676.85
155,CASH_OUT,309109.53,0.0,0.0,928403.22,1237512.75
234,CASH_OUT,285631.56,2059.0,0.0,457551.22,743182.78
40,TRANSFER,217205.71,0.0,0.0,374755.62,591961.32
186,CASH_OUT,187473.55,0.0,0.0,957677.31,1145150.85
333,TRANSFER,269952.92,49775.0,0.0,8883909.55,9153862.47
157,CASH_OUT,501113.18,0.0,0.0,1220992.56,1722105.73
203,TRANSFER,452759.74,0.0,0.0,463005.93,915765.67
322,TRANSFER,64515.9,0.0,0.0,204171.38,268687.28
232,CASH_OUT,121139.73,0.0,0.0,3380704.91,3501844.64
180,TRANSFER,282625.44,0.0,0.0,944396.76,1227022.2
298,CASH_OUT,431540.92,675.0,0.0,195764.19,627305.11
258,CASH_OUT,157091.26,0.0,0.0,1455754.14,1612845.4
254,CASH_OUT,60820.54,0.0,0.0,910603.35,971423.89
397,CASH_OUT,184242.22,61106.0,0.0,1401840.99,1586083.22
495,CASH_OUT,122472.46,0.0,0.0,435440.69,557913.16
182,CASH_OUT,214332.32,102859.0,0.0,0.0,214332.32
181,CASH_OUT,89889.81,0.0,0.0,320807.6,410697.41
377,CASH_OUT,18215.12,0.0,0.0,2944372.91,2962588.03
394,CASH_OUT,96536.79,0.0,0.0,2773774.35,2870311.14
38,CASH_OUT,174807.63,15598.38,0.0,595765.21,770572.84
354,CASH_OUT,401792.65,2460.0,0.0,0.0,401792.65
136,TRANSFER,290767.56,0.0,0.0,841298.62,1132066.19
372,TRANSFER,1697487.31,10039.0,0.0,0.0,1697487.31
401,CASH_OUT,504797.43,0.0,0.0,2458748.02,2963545.45
372,CASH_OUT,278750.5,0.0,0.0,1495861.67,1774612.17
254,CASH_OUT,611785.86,20797.0,0.0,628739.29,1240525.15
273,CASH_OUT,42714.02,3841.0,0.0,998536.72,1041250.74
204,CASH_OUT,102187.43,60737.0,0.0,1363332.33,1465519.76
322,CASH_OUT,219545.04,0.0,0.0,4935860.1,5155405.14
36,TRANSFER,475711.01,297.0,0.0,3291845.09,3767556.1
188,TRANSFER,251953.72,0.0,0.0,562394.45,814348.18
280,TRANSFER,141058.35,0.0,0.0,740904.55,881962.9
347,TRANSFER,1947863.07,0.0,0.0,14409437.21,16357300.28
307,TRANSFER,37605.84,0.0,0.0,650831.11,688436.95
44,TRANSFER,308140.87,50219.33,0.0,1155510.77,1463651.64
308,CASH_OUT,174818.6,0.0,0.0,726675.69,901494.29
210,CASH_OUT,28695.39,211009.0,182313.61,2857092.78,2885788.17
135,TRANSFER,134127.61,51306.0,0.0,734081.26,868208.87
326,CASH_OUT,56361.17,0.0,0.0,117756.22,174117.38
156,CASH_OUT,11207.03,9084.0,0.0,0.0,11207.03
377,TRANSFER,4067259.4,0.0,0.0,4740936.16,8808195.56
403,CASH_OUT,137891.96,225949.9,88057.93,323878.12,461770.09
209,CASH_OUT,256606.0,0.0,0.0,2004686.16,2261292.16
139,CASH_OUT,154837.37,45206.0,0.0,557301.06,712138.42
205,TRANSFER,569164.43,52423.0,0.0,0.0,569164.43
573,TRANSFER,332392.0,0.0,0.0,399493.85,731885.85
300,CASH_OUT,167940.43,136.0,0.0,352083.69,520024.13
209,CASH_OUT,406079.29,141259.0,0.0,544230.51,950309.8
326,CASH_OUT,212002.11,0.0,0.0,9243577.37,9455579.48
179,CASH_OUT,155523.73,51721.0,0.0,4758437.7,4913961.43
254,CASH_OUT,72430.59,78509.0,6078.41,66059.2,138489.79
345,CASH_OUT,115749.67,0.0,0.0,3527772.44,3643522.11
299,CASH_OUT,198361.98,0.0,0.0,2128744.57,2327106.55
396,TRANSFER,151773.11,0.0,0.0,307009.14,458782.25
180,TRANSFER,620882.38,0.0,0.0,7910188.88,8531071.26
8,CASH_OUT,366716.77,0.0,0.0,11099560.44,14646239.59
157,TRANSFER,80884.89,0.0,0.0,107835.0,365684.9
305,CASH_OUT,253393.88,0.0,0.0,283562.14,536956.02
40,CASH_OUT,111103.15,0.0,0.0,979941.25,1091044.41
40,TRANSFER,56760.72,0.0,0.0,1809937.99,1866698.71
14,CASH_OUT,220700.41,32161.0,0.0,0.0,220700.41
283,TRANSFER,1836895.97,0.0,0.0,2139744.76,3976640.74
396,CASH_OUT,313869.51,0.0,0.0,2370592.32,2684461.83
41,CASH_OUT,89073.89,0.0,0.0,509511.52,598585.41
403,TRANSFER,110506.25,0.0,0.0,5101309.3,5211815.55
184,CASH_OUT,301389.23,0.0,0.0,1217372.75,1518761.98
254,CASH_OUT,321298.8,5070.0,0.0,700433.51,1021732.3
259,CASH_OUT,42338.05,32240.0,0.0,364189.43,406527.48
331,TRANSFER,50610.35,10052.76,0.0,187633.36,238243.71
402,CASH_OUT,126444.69,37435.0,0.0,332943.69,459388.38
209,CASH_OUT,16832.54,51649.0,34816.46,18031.45,34863.99
302,CASH_OUT,466519.09,51986.0,0.0,121935.45,588454.54
138,TRANSFER,1076882.13,0.0,0.0,1429623.86,2506505.99
250,CASH_OUT,373574.17,0.0,0.0,1570420.74,2217676.91
8,CASH_OUT,125726.41,0.0,0.0,172417.65,444423.17
13,CASH_OUT,500835.5,2244435.63,1743600.12,1283160.69,1243566.81
130,CASH_OUT,66138.87,741.0,0.0,447596.57,513735.43
261,CASH_OUT,224150.57,8656.54,0.0,4436503.4,4660653.97
259,CASH_OUT,114865.92,13574.0,0.0,117424.34,232290.26
257,CASH_OUT,138647.54,0.0,0.0,1263757.1,1402404.63
130,CASH_OUT,120008.17,0.0,0.0,126215.03,246223.2
353,TRANSFER,384754.51,1188.0,0.0,1052174.47,1436928.99
354,TRANSFER,940804.37,0.0,0.0,955860.19,1896664.56
301,CASH_OUT,93717.61,127592.0,33874.39,7026486.91,7120204.52
284,CASH_OUT,156814.07,11381.0,0.0,581476.89,738290.96
235,CASH_OUT,394762.37,251.0,0.0,0.0,394762.37
211,CASH_OUT,138773.55,426349.0,287575.45,570223.63,708997.19
258,CASH_OUT,164482.8,0.0,0.0,9778967.63,9943450.43
34,TRANSFER,2415961.9,0.0,0.0,8535496.21,10951458.11
19,CASH_OUT,314610.52,0.0,0.0,828521.5,1143132.02
188,CASH_OUT,281932.73,47355.55,0.0,747231.86,1029164.59
11,CASH_OUT,124445.96,5455737.38,5331291.42,8295198.36,8419644.32
297,CASH_OUT,117883.83,0.0,0.0,2891944.25,2390493.02
35,CASH_OUT,235072.98,61310.0,0.0,1515378.07,1750451.05
323,CASH_OUT,116354.32,0.0,0.0,9701554.0,9817908.33
299,CASH_OUT,472614.03,0.0,0.0,775529.35,1248143.38
300,CASH_OUT,199548.24,11069.0,0.0,27746.01,227294.25
252,CASH_OUT,256185.1,0.0,0.0,275916.01,532101.11
35,CASH_OUT,648564.6,16022.0,0.0,666591.68,1315156.28
589,CASH_OUT,209705.0,0.0,0.0,1039169.79,1248874.79
143,CASH_OUT,71639.44,0.0,0.0,6261005.65,6332645.09
546,CASH_OUT,196319.85,0.0,0.0,12920255.18,13116575.03
42,CASH_OUT,401779.33,229.0,0.0,0.0,401779.33
14,CASH_OUT,192227.97,4663.0,0.0,13226419.39,13299330.34
133,CASH_OUT,167540.34,660.0,0.0,707717.8,875258.14
372,CASH_OUT,140789.54,0.0,0.0,12367765.52,12508555.06
17,CASH_OUT,9197.43,908.0,0.0,0.0,9197.43
187,CASH_OUT,205649.6,0.0,0.0,448810.45,654460.04
285,CASH_OUT,76109.71,642.0,0.0,104699.53,180809.24
129,CASH_OUT,503224.39,21760.0,0.0,18169.74,521394.12
207,CASH_OUT,139451.29,0.0,0.0,475719.86,615171.15
278,TRANSFER,4522956.9,0.0,0.0,7747877.48,11950073.82
353,CASH_OUT,197922.36,0.0,0.0,3241066.33,3438988.68
16,CASH_OUT,277143.35,0.0,0.0,484784.34,929396.53
401,CASH_OUT,328979.42,537072.0,208092.58,0.0,328979.42
525,CASH_OUT,505555.76,0.0,0.0,918535.08,1424090.84
160,CASH_OUT,136472.4,0.0,0.0,1038442.29,1174914.69
234,CASH_OUT,93535.83,0.0,0.0,6141710.4,6235246.23
155,CASH_OUT,45080.89,231812.24,186731.36,6517238.1,6562318.99
401,TRANSFER,673415.22,47323.0,0.0,3720146.13,4393561.35
350,CASH_OUT,237279.15,2879.0,0.0,3889588.7,4126867.85
349,CASH_OUT,278242.95,4686.0,0.0,0.0,278242.95
42,CASH_OUT,80833.01,0.0,0.0,180486.17,261319.18
206,CASH_OUT,289453.31,10362.0,0.0,0.0,289453.31
163,CASH_OUT,61316.35,50868.0,0.0,0.0,61316.35
181,CASH_OUT,30060.74,56493.0,26432.26,930206.05,960266.79
595,CASH_OUT,46572.17,19555.0,0.0,0.0,46572.17
347,CASH_OUT,26159.56,0.0,0.0,518003.76,544163.33
210,CASH_OUT,182090.04,90372.0,0.0,0.0,182090.04
187,CASH_OUT,144270.97,0.0,0.0,5257898.87,5402169.84
45,TRANSFER,1773926.7,0.0,0.0,11092993.76,12866920.46
275,CASH_OUT,145582.3,86441.0,0.0,111528.32,257110.61
398,CASH_OUT,15347.71,0.0,0.0,1917773.64,1933121.35
187,CASH_OUT,1211.4,0.0,0.0,122094.51,170126.96
178,CASH_OUT,493537.19,31683.0,0.0,22556.0,482861.22
21,CASH_OUT,169843.12,20100.0,0.0,485245.88,655089.0
213,CASH_OUT,106745.75,53766.0,0.0,20923.66,127669.41
275,CASH_OUT,118633.56,3168.0,0.0,76035.2,194668.76
396,CASH_OUT,309181.04,105322.0,0.0,106861.0,416042.04
205,CASH_OUT,433952.72,0.0,0.0,1965012.79,2398965.5
330,CASH_OUT,166906.1,12206.0,0.0,5627542.28,5794448.38
130,CASH_OUT,558940.44,0.0,0.0,8392758.44,8951698.88
15,CASH_OUT,41234.5,72659.0,31424.5,0.0,41234.5
324,CASH_OUT,223714.27,42829.0,0.0,406922.19,630636.46
96,CASH_OUT,6185.92,0.0,0.0,28619.21,34805.13
251,CASH_OUT,153408.05,0.0,0.0,404569.48,557977.53
156,CASH_OUT,228880.47,46019.0,0.0,165910.05,394790.53
302,CASH_OUT,72137.88,79838.0,7700.12,24938273.0,25010410.88
131,CASH_OUT,164005.07,12714.0,0.0,929536.65,1093541.72
397,CASH_OUT,321273.53,0.0,0.0,2135695.02,2456968.55
182,CASH_OUT,30613.49,90737.0,60123.51,1150527.4,1181140.89
138,CASH_OUT,398868.87,0.0,0.0,415676.47,801932.4
186,TRANSFER,56570.3,10962.0,0.0,0.0,56570.3
158,CASH_OUT,60132.81,0.0,0.0,72563.57,132696.38
184,CASH_OUT,569718.03,0.0,0.0,21579758.97,22149477.0
307,TRANSFER,86334.1,21383.0,0.0,2653034.63,2739368.74
588,CASH_OUT,317702.67,78251.53,0.0,9986013.88,10303716.55
349,TRANSFER,78417.62,15219.0,0.0,0.0,78417.62
129,CASH_OUT,316464.98,0.0,0.0,338899.98,655364.96
13,CASH_OUT,16154.34,0.0,0.0,1465176.04,1571679.54
164,CASH_OUT,219219.93,202532.0,0.0,0.0,219219.93
22,CASH_OUT,277539.92,0.0,0.0,11173511.26,11451051.18
42,CASH_OUT,229433.83,5302.0,0.0,427131.38,656565.22
7,TRANSFER,643137.09,0.0,0.0,5076437.65,5827219.22
351,CASH_OUT,137962.51,0.0,0.0,386256.77,524219.28
215,TRANSFER,686729.33,0.0,0.0,4675426.7,5362156.02
375,TRANSFER,174799.19,20218.0,0.0,296562.01,471361.19
41,CASH_OUT,218817.82,0.0,0.0,13166888.65,13385706.47
302,CASH_OUT,228714.16,103.0,0.0,85360.68,314074.84
138,CASH_OUT,107148.55,10373.0,0.0,1935498.19,2042646.75
239,CASH_OUT,226916.97,1758.49,0.0,1566024.81,1792941.79
567,CASH_OUT,11982.68,0.0,0.0,4418766.01,4430748.69
255,CASH_OUT,68288.31,0.0,0.0,9899794.09,9968082.4
279,TRANSFER,212841.14,0.0,0.0,1208362.2,1421203.33
227,CASH_OUT,252544.63,0.0,0.0,6287369.66,6539914.3
183,CASH_OUT,151450.58,0.0,0.0,2259940.94,2411391.52
236,TRANSFER,348331.23,11392.0,0.0,2080.48,350411.71
184,CASH_OUT,198194.98,203979.0,5784.02,2359253.51,2557448.5
214,TRANSFER,86714.33,12394.0,0.0,5718.44,92432.77
16,CASH_OUT,275083.83,1293.0,0.0,1370.0,276453.83
201,TRANSFER,68426.44,6180.0,0.0,1347523.45,1415949.89
284,CASH_OUT,186446.91,0.0,0.0,782540.36,968987.27
400,CASH_OUT,187043.0,0.0,0.0,1676438.08,1863481.08
259,TRANSFER,599400.8,0.0,0.0,862339.3,1461740.1
492,CASH_OUT,79548.28,0.0,0.0,1201767.9,1281316.18
522,CASH_OUT,191289.49,3124.0,0.0,2596009.96,2787299.44
492,CASH_OUT,41320.93,20599.0,0.0,0.0,41320.93
332,CASH_OUT,109930.63,20894.0,0.0,0.0,109930.63
273,CASH_OUT,285459.02,0.0,0.0,1420485.58,1705944.59
548,CASH_OUT,70159.39,2674.0,0.0,51028.62,121188.01
305,CASH_OUT,395790.71,19406.0,0.0,794235.83,1190026.54
324,CASH_OUT,238222.49,0.0,0.0,541942.0,780164.49
374,CASH_OUT,550410.63,0.0,0.0,2675836.88,3226247.51
321,CASH_OUT,101019.14,0.0,0.0,421086.89,522106.04
329,CASH_OUT,217620.73,0.0,0.0,6720873.43,6938494.15
350,TRANSFER,938773.49,0.0,0.0,1988301.71,2927075.2
20,CASH_OUT,134982.32,0.0,0.0,398350.08,533332.4
229,CASH_OUT,262216.96,297.0,0.0,0.0,262216.96
153,TRANSFER,1186520.65,0.0,0.0,2739503.37,3926024.02
321,CASH_OUT,275473.58,169357.0,0.0,0.0,275473.58
187,TRANSFER,2052593.24,21114.0,0.0,80142.23,2132735.47
203,CASH_OUT,199456.23,0.0,0.0,2586100.84,2785557.07
19,CASH_OUT,323042.42,20863.0,0.0,229898.55,296753.84
45,CASH_OUT,451352.08,0.0,0.0,539951.33,991303.4
15,TRANSFER,186418.27,0.0,0.0,1104842.46,1291260.73
402,CASH_OUT,314706.09,0.0,0.0,391317.6,706023.69
181,CASH_OUT,292143.66,8468.0,0.0,586737.03,878880.69
349,CASH_OUT,268204.16,209.0,0.0,187480.97,455685.13
399,CASH_OUT,213618.35,0.0,0.0,946318.4,1159936.75
305,TRANSFER,10000000.0,0.0,0.0,10031005.33,23052075.46
352,TRANSFER,535342.67,105852.0,0.0,82952.79,618295.46
251,CASH_OUT,163296.57,0.0,0.0,1177284.41,1340580.98
181,CASH_OUT,269653.54,17627.0,0.0,0.0,269653.54
379,CASH_OUT,15196.22,0.0,0.0,975233.09,990429.32
285,CASH_OUT,22770.26,0.0,0.0,4109737.55,4132507.81
402,CASH_OUT,342414.15,114.0,0.0,4569641.99,4912056.14
187,CASH_OUT,161706.7,632342.0,470635.3,379883.94,541590.64
231,TRANSFER,468089.06,562.0,0.0,0.0,468089.06
210,CASH_OUT,183700.83,21565.0,0.0,0.0,183700.83
372,CASH_OUT,215927.16,910428.0,694500.84,137053.06,352980.21
259,CASH_OUT,234063.41,0.0,0.0,4135520.19,4369583.6
36,CASH_OUT,101217.46,0.0,0.0,229570.41,330787.86
393,TRANSFER,273531.2,0.0,0.0,296830.05,570361.25
132,TRANSFER,46745.7,10804.0,0.0,28445.97,75191.67
375,CASH_OUT,120798.21,40294.0,0.0,483315.92,604114.13
136,CASH_OUT,446863.86,0.0,0.0,1684056.51,2130920.37
255,CASH_OUT,362888.94,8416.0,0.0,1537671.25,1900560.19
307,CASH_OUT,43032.61,27425.0,0.0,10819475.33,10862507.94
163,CASH_OUT,38731.06,11324.0,0.0,293821.0,0.0
306,CASH_OUT,58803.81,21816.0,0.0,908177.93,966981.73
715,CASH_OUT,126636.18,11199.0,0.0,0.0,126636.18
347,CASH_OUT,333982.31,0.0,0.0,384181.28,718163.59
687,TRANSFER,142631.61,0.0,0.0,1307123.36,1449754.98
187,TRANSFER,2206501.29,0.0,0.0,11255984.95,13462486.25
19,CASH_OUT,216312.73,3219.0,0.0,0.0,258817.13
330,CASH_OUT,178533.54,0.0,0.0,400008.13,578541.67
395,CASH_OUT,237108.68,0.0,0.0,588446.99,825555.67
374,CASH_OUT,161771.04,0.0,0.0,4088982.35,4250753.39
304,CASH_OUT,169930.11,28230.0,0.0,48334.79,218264.9
379,TRANSFER,264569.57,33097.0,0.0,70316.0,334885.57
354,CASH_OUT,271946.96,79714.0,0.0,221962.14,493909.09
283,CASH_OUT,54697.1,30904.0,0.0,388284.65,442981.75
137,CASH_OUT,233981.47,4866.0,0.0,0.0,233981.47
380,CASH_OUT,33589.02,106715.0,73125.98,0.0,33589.02
182,CASH_OUT,138729.47,0.0,0.0,190193.44,328922.91
37,CASH_OUT,225981.79,0.0,0.0,2528785.39,2967907.88
203,TRANSFER,362004.86,0.0,0.0,391115.41,753120.27
227,CASH_OUT,719511.31,0.0,0.0,1123888.9,1843400.21
370,CASH_OUT,92945.24,0.0,0.0,299709.15,143811.75
253,CASH_OUT,144023.59,46445.0,0.0,6397716.49,6541740.08
381,CASH_OUT,15087.57,0.0,0.0,519229.28,534316.86
406,TRANSFER,1174515.32,0.0,0.0,5074643.02,6249158.34
22,CASH_OUT,37055.06,0.0,0.0,462822.59,499877.65
592,CASH_OUT,17276.07,86765.0,69488.93,0.0,17276.07
306,CASH_OUT,196531.26,87166.0,0.0,0.0,196531.26
395,TRANSFER,890464.57,0.0,0.0,1273786.15,2164250.71
210,CASH_OUT,151404.59,433885.4,282480.82,345543.1,496947.68
349,TRANSFER,121697.26,0.0,0.0,148947.06,270644.32
331,CASH_OUT,212584.12,49318.0,0.0,588074.21,800658.33
39,CASH_OUT,113147.8,0.0,0.0,1472516.3,1585664.1
15,CASH_OUT,155488.03,0.0,0.0,209749.52,365237.55
565,CASH_OUT,12479.81,110003.0,97523.19,14306769.06,14319248.86
347,TRANSFER,215517.7,0.0,0.0,271928.29,487445.99
138,CASH_OUT,505181.86,23719.0,0.0,0.0,505181.86
187,TRANSFER,560916.15,0.0,0.0,6472314.07,7033230.22
189,CASH_OUT,270457.54,19997.0,0.0,213905.97,484363.52
257,TRANSFER,536362.36,4012.77,0.0,1047044.77,1583407.13
205,CASH_OUT,323955.81,0.0,0.0,822894.38,1146850.2
180,CASH_OUT,174149.24,16910.0,0.0,5074348.8,5248498.04
162,CASH_OUT,134907.44,0.0,0.0,4712225.13,4847132.57
353,CASH_OUT,174742.53,0.0,0.0,4353451.59,4528194.12
47,CASH_OUT,41602.48,0.0,0.0,130342.8,171945.29
39,CASH_OUT,23286.01,1796.0,0.0,52955.85,76241.86
208,CASH_OUT,124762.34,20242.0,0.0,274173.56,398935.89
14,CASH_OUT,66134.29,0.0,0.0,1395396.7,2000923.97
301,CASH_OUT,74942.75,0.0,0.0,176419.86,251362.61
258,CASH_OUT,166320.34,0.0,0.0,3835600.2,4001920.53
139,CASH_OUT,96474.8,503.0,0.0,731872.41,828347.2
47,TRANSFER,661850.7,0.0,0.0,676679.85,1338530.55
10,CASH_OUT,236908.03,0.0,0.0,655928.8,892836.83
178,CASH_OUT,123903.48,9019.0,0.0,0.0,123903.48
305,CASH_OUT,68949.41,0.0,0.0,946299.64,1015249.05
331,CASH_OUT,82357.47,0.0,0.0,357661.97,440019.44
179,CASH_OUT,8620.93,0.0,0.0,699088.31,707709.24
44,TRANSFER,562092.48,106423.0,0.0,12303034.54,12381518.98
282,TRANSFER,211170.49,78615.0,0.0,13505191.57,13716362.06
299,CASH_OUT,189777.02,0.0,0.0,203470.22,393247.23
656,CASH_OUT,66568.01,0.0,0.0,2699762.83,2766330.84
94,CASH_OUT,254220.94,0.0,0.0,277939.97,532160.91
280,CASH_OUT,113127.65,0.0,0.0,194098.57,307226.22
44,CASH_OUT,154907.02,0.0,0.0,1301975.88,1456882.9
160,CASH_OUT,273978.28,58853.09,0.0,794810.47,1068788.75
95,CASH_OUT,134212.89,0.0,0.0,540538.28,674751.17
186,TRANSFER,1439069.96,11584.0,0.0,1459043.48,2898113.43
180,CASH_OUT,187346.15,107782.0,0.0,1277181.24,1464527.4
35,CASH_OUT,242168.54,32527.0,0.0,1798440.76,2222213.65
375,CASH_OUT,236072.85,0.0,0.0,521292.79,757365.64
43,CASH_OUT,247620.6,127036.92,0.0,1904778.79,2561561.85
612,CASH_OUT,28388.41,245484.08,217095.67,11066815.42,11095203.84
258,CASH_OUT,259944.95,68281.0,0.0,140216.99,400161.94
346,CASH_OUT,993.28,52756.0,51762.72,670068.89,671062.17
205,TRANSFER,313618.88,839.0,0.0,14472156.55,14785775.43
404,CASH_OUT,29782.11,275.0,0.0,4312013.19,4341795.3
15,CASH_OUT,72760.58,15560.0,0.0,0.0,72760.58
47,TRANSFER,797770.19,0.0,0.0,996481.03,1794251.23
376,TRANSFER,370207.05,8960.83,0.0,3062760.54,3432967.59
300,CASH_OUT,196801.06,105404.0,0.0,247166.65,443967.71
181,CASH_OUT,311477.12,0.0,0.0,4574323.33,4885800.45
235,TRANSFER,1453788.66,0.0,0.0,9091055.9,10544844.56
207,CASH_OUT,96686.91,1261.0,0.0,94687.08,191373.99
331,CASH_OUT,179277.26,20682.0,0.0,0.0,179277.26
35,TRANSFER,970496.36,0.0,0.0,3840985.51,4811481.87
153,CASH_OUT,430448.02,24694.0,0.0,259284.15,689732.17
281,CASH_OUT,135240.72,5427.0,0.0,847117.5,982358.22
185,CASH_OUT,152528.72,0.0,0.0,286482.67,439011.4
304,CASH_OUT,146286.81,21084.0,0.0,0.0,146286.81
398,CASH_OUT,203952.02,528.0,0.0,23177.62,227129.64
187,CASH_OUT,238621.99,0.0,0.0,2023439.16,2262061.16
10,CASH_OUT,272306.21,33319.58,0.0,0.0,272306.21
280,CASH_OUT,122841.41,0.0,0.0,3387766.2,3510607.61
230,CASH_OUT,171431.58,1823.0,0.0,0.0,171431.58
382,CASH_OUT,318673.5,0.0,0.0,1518089.56,1836763.07
130,TRANSFER,774052.58,0.0,0.0,1985987.25,2760039.84
402,CASH_OUT,150159.41,717673.85,567514.44,446800.85,596960.26
228,CASH_OUT,96499.32,70028.0,0.0,0.0,96499.32
284,CASH_OUT,109457.07,5006.0,0.0,0.0,109457.07
135,CASH_OUT,515587.26,0.0,0.0,1158799.79,1674387.04
307,CASH_OUT,31339.31,51464.0,20124.69,21441.04,52780.35
308,CASH_OUT,106389.46,50832.0,0.0,510351.77,616741.23
134,TRANSFER,542934.85,0.0,0.0,2470627.09,3013561.94
281,TRANSFER,13921.47,0.0,0.0,410642.29,424563.77
396,CASH_OUT,367357.14,63600.0,0.0,86812.2,454169.34
183,CASH_OUT,31289.06,0.0,0.0,471278.82,433015.31
300,TRANSFER,495607.71,83663.0,0.0,956080.84,1451688.55
11,CASH_OUT,506665.22,1135162.73,628497.51,0.0,626980.87
322,CASH_OUT,374549.7,0.0,0.0,459902.0,834451.7
155,TRANSFER,320242.04,0.0,0.0,980443.43,1300685.47
328,TRANSFER,10000000.0,0.0,0.0,14540807.73,27966388.32
157,CASH_OUT,303412.18,0.0,0.0,304457.67,607869.85
239,TRANSFER,283223.07,11853.0,0.0,0.0,283223.07
158,CASH_OUT,157716.9,5570.0,0.0,0.0,157716.9
378,CASH_OUT,48176.7,9595.0,0.0,309250.08,357426.78
207,CASH_OUT,248064.49,0.0,0.0,1500685.52,1748750.0
324,TRANSFER,2000564.12,8042.0,0.0,0.0,2000564.12
141,CASH_OUT,30472.82,38906.6,8433.78,101931.38,132404.2
11,CASH_OUT,349155.34,230050.0,0.0,0.0,349155.34
332,CASH_OUT,57376.55,0.0,0.0,2933310.2,2990686.76
640,CASH_OUT,148465.03,99382.0,0.0,1959776.76,2108241.79
159,CASH_OUT,24127.88,0.0,0.0,3679200.62,3703328.5
204,CASH_OUT,118902.9,322.0,0.0,4220871.52,4339774.43
181,CASH_OUT,280652.76,7151.0,0.0,66575.4,347228.16
686,CASH_OUT,111315.34,505391.0,394075.66,732442.62,843757.96
41,CASH_OUT,6531.4,50404.0,43872.6,1013823.04,1020354.44
277,CASH_OUT,19367.14,0.0,0.0,220801.44,240168.58
232,CASH_OUT,363266.99,0.0,0.0,3064847.91,3428114.9
18,CASH_OUT,148896.66,22298.0,0.0,0.0,174994.7
330,CASH_OUT,394253.82,0.0,0.0,451410.08,845663.9
250,CASH_OUT,189056.92,31855.0,0.0,286964.69,476021.61
136,CASH_OUT,53854.38,0.0,0.0,1469010.39,1522864.76
138,CASH_OUT,128211.67,203400.0,75188.33,0.0,128211.67
281,TRANSFER,49207.51,16686.09,0.0,236053.7,285261.21
525,CASH_OUT,149435.4,1876.0,0.0,0.0,149435.4
309,TRANSFER,1095424.73,0.0,0.0,6331380.12,7426804.85
256,CASH_OUT,368615.13,107054.0,0.0,7271.95,375887.09
495,CASH_OUT,176728.92,20627.0,0.0,834553.29,1011282.21
162,CASH_OUT,203610.9,0.0,0.0,1299744.27,1503355.17
308,CASH_OUT,166660.78,0.0,0.0,3046530.98,3213191.76
353,CASH_OUT,117329.42,29714.0,0.0,26060.84,143390.26
306,CASH_OUT,104774.4,11688.0,0.0,3142261.15,3247035.55
192,TRANSFER,233169.18,0.0,0.0,292515.39,525684.57
405,CASH_OUT,42017.23,0.0,0.0,772251.29,814268.52
329,CASH_OUT,118627.6,0.0,0.0,1245931.32,1364558.91
396,TRANSFER,614778.09,188.0,0.0,20618.06,635396.14
282,CASH_OUT,127037.21,0.0,0.0,1929530.06,2056567.27
592,CASH_OUT,186742.87,0.0,0.0,2164517.54,2351260.41
155,CASH_OUT,288855.09,43689.0,0.0,0.0,288855.09
179,CASH_OUT,398818.11,526805.41,127987.29,1162797.87,1561615.99
12,CASH_OUT,34578.27,0.0,0.0,170566.64,369321.93
279,CASH_OUT,12598.07,0.0,0.0,590734.48,603332.55
305,TRANSFER,218748.61,0.0,0.0,482545.65,701294.26
402,CASH_OUT,75617.86,0.0,0.0,1662360.82,1737978.68
331,TRANSFER,394293.63,0.0,0.0,924300.93,1318594.56
18,CASH_OUT,225396.44,22926.0,0.0,51319.44,276715.88
132,CASH_OUT,18072.69,44981.0,26908.31,0.0,18072.69
399,CASH_OUT,333868.91,0.0,0.0,440364.43,774233.34
260,TRANSFER,108287.1,0.0,0.0,1417111.64,1525398.74
179,CASH_OUT,146670.41,0.0,0.0,429623.41,576293.82
181,CASH_OUT,679296.21,151957.0,0.0,2244693.04,2923989.25
38,CASH_OUT,416527.39,0.0,0.0,620447.16,1036974.55
282,CASH_OUT,103486.88,0.0,0.0,13004037.2,13107524.08
254,CASH_OUT,87425.68,5569.0,0.0,39849.08,127274.76
275,CASH_OUT,53590.78,446184.0,392593.22,44382.01,97972.79
38,CASH_OUT,353379.42,306.0,0.0,197172.52,550551.94
323,CASH_OUT,206289.57,0.0,0.0,1747578.83,1953868.4
21,CASH_OUT,239988.9,0.0,0.0,1823605.05,2063593.95
249,TRANSFER,421145.0,0.0,0.0,1026652.1,1447797.1
280,CASH_OUT,543698.18,0.0,0.0,1063332.02,1607030.2
9,CASH_OUT,443238.9,130131.0,0.0,68622.91,171784.11
252,CASH_OUT,111552.98,0.0,0.0,988551.19,1100104.17
227,CASH_OUT,234588.96,707.0,0.0,152544.69,387133.65
46,TRANSFER,1280250.85,0.0,0.0,1334492.34,2614743.19
160,CASH_OUT,77851.11,0.0,0.0,234414.2,312265.3
234,CASH_OUT,460896.38,10123.0,0.0,155102.43,879150.08
379,CASH_OUT,126891.05,36947.0,0.0,203683.82,330574.87
36,CASH_OUT,228585.71,1093.0,0.0,0.0,228585.71
225,CASH_OUT,529994.35,31885.0,0.0,468246.48,998240.83
42,CASH_OUT,28637.24,10840.0,0.0,0.0,28637.24
231,CASH_OUT,94324.97,5561.0,0.0,530.5,94855.48
402,TRANSFER,291075.76,19999.0,0.0,0.0,291075.76
142,CASH_OUT,128821.02,99511.0,0.0,115951.18,244772.19
155,CASH_OUT,102674.38,0.0,0.0,808303.6,790713.85
403,CASH_OUT,155361.51,0.0,0.0,6911263.18,7066624.69
324,TRANSFER,1285612.88,0.0,0.0,7153703.44,8439316.32
402,CASH_OUT,106466.12,0.0,0.0,284004.94,390471.06
304,TRANSFER,10000000.0,0.0,0.0,30000000.0,48513312.74
349,CASH_OUT,296286.42,197024.95,0.0,1297586.33,1593872.75
212,CASH_OUT,165549.31,608229.0,442679.69,467502.61,633051.92
331,CASH_OUT,36911.61,99116.0,62204.39,659015.41,829796.4
346,CASH_OUT,68290.11,0.0,0.0,2027963.58,2096253.69
378,CASH_OUT,31250.95,30178.0,0.0,572445.3,603696.25
135,CASH_OUT,92554.0,0.0,0.0,481463.69,574017.69
350,CASH_OUT,106080.32,0.0,0.0,511357.94,617438.26
644,CASH_OUT,159360.05,20419.0,0.0,7756028.01,7915388.06
202,CASH_OUT,414243.36,0.0,0.0,430746.17,844989.53
347,CASH_OUT,226794.34,301.0,0.0,0.0,226794.34
230,CASH_OUT,374466.29,45299.0,0.0,614777.72,989244.01
233,CASH_OUT,423663.58,0.0,0.0,1758320.37,2181983.95
13,CASH_OUT,325966.93,9586.0,0.0,414740.6,740707.53
297,CASH_OUT,50771.65,0.0,0.0,682908.58,733680.23
210,CASH_OUT,239059.06,144772.01,0.0,2285870.87,2524929.93
585,CASH_OUT,68415.72,0.0,0.0,191208.14,259623.86
204,CASH_OUT,164267.82,10972.0,0.0,0.0,164267.82
137,TRANSFER,1266277.15,0.0,0.0,7163052.68,8429329.83
133,CASH_OUT,306186.74,3076.0,0.0,937779.6,1243966.34
21,CASH_OUT,100793.88,0.0,0.0,3746793.14,3847587.02
331,CASH_OUT,274267.57,0.0,0.0,500681.86,774949.43
184,CASH_OUT,150838.29,0.0,0.0,217795.44,368633.73
43,CASH_OUT,265286.36,59686.0,0.0,0.0,348364.58
378,CASH_OUT,95193.22,1512.0,0.0,152825.84,248019.06
210,CASH_OUT,52727.1,43395.0,0.0,60887.96,113615.06
39,CASH_OUT,441047.99,6878.0,0.0,0.0,441047.99
132,CASH_OUT,416843.58,10075.0,0.0,3186701.86,3603545.44
39,CASH_OUT,396223.51,2728.0,0.0,2453082.49,2849306.0
302,CASH_OUT,256858.56,22061.0,0.0,29215.03,286073.58
250,TRANSFER,2136979.21,20243.0,0.0,102444.69,2239423.9
228,TRANSFER,1089258.19,0.0,0.0,27822120.55,28911378.74
283,TRANSFER,157782.02,174036.0,16253.98,173323.57,331105.59
33,CASH_OUT,60924.55,0.0,0.0,140202.0,201126.54
282,CASH_OUT,51433.2,592.0,0.0,0.0,51433.2
403,CASH_OUT,349846.02,0.0,0.0,1539978.82,1889824.84
688,CASH_OUT,133665.18,0.0,0.0,462589.98,596255.16
275,TRANSFER,811936.56,39640.08,0.0,4892356.92,5704293.48
717,CASH_OUT,11590.22,31698.0,20107.78,5417667.25,5429257.47
262,CASH_OUT,191543.93,0.0,0.0,7395555.04,7587098.97
274,CASH_OUT,108765.36,0.0,0.0,1437046.14,1545811.5
251,CASH_OUT,4197.63,137403.0,133205.37,1451241.86,1634621.79
259,CASH_OUT,51487.99,100032.0,48544.01,365004.89,416492.88
140,TRANSFER,586950.68,878.0,0.0,1869248.74,2456199.42
232,CASH_OUT,502168.37,139.0,0.0,0.0,582627.03
236,CASH_OUT,192503.35,0.0,0.0,993379.03,1185882.38
279,CASH_OUT,196739.88,0.0,0.0,4942433.59,5139173.47
422,CASH_OUT,25994.19,497355.0,471360.81,405009.17,431003.36
403,TRANSFER,455457.23,0.0,0.0,478410.52,933867.76
20,CASH_OUT,82310.22,0.0,0.0,434937.36,1010936.26
180,CASH_OUT,368077.53,169813.0,0.0,1583403.0,1951480.53
186,CASH_OUT,145186.42,64820.0,0.0,618690.26,763876.68
280,CASH_OUT,186239.14,10789.0,0.0,1113416.39,1299655.53
300,CASH_OUT,196818.1,10557.0,0.0,4502185.29,4699003.38
237,CASH_OUT,249811.61,30960.0,0.0,3610816.54,3860628.15
235,CASH_OUT,329377.32,20122.0,0.0,6883929.99,7213307.31
214,CASH_OUT,220700.81,111117.0,0.0,0.0,220700.81
162,CASH_OUT,260812.06,0.0,0.0,735363.36,996175.41
345,CASH_OUT,49870.61,11560.0,0.0,0.0,49870.61
687,CASH_OUT,109026.73,14894.0,0.0,89771.78,198798.51
403,CASH_OUT,54799.43,0.0,0.0,367483.74,422283.18
404,CASH_OUT,26415.24,0.0,0.0,11796325.62,11822740.87
16,CASH_OUT,199686.8,0.0,0.0,1127118.76,1326805.56
249,CASH_OUT,207815.75,157.0,0.0,0.0,207815.75
328,CASH_OUT,99341.12,0.0,0.0,150615.94,249957.06
302,CASH_OUT,175980.05,31433.0,0.0,1033372.38,681604.58
227,TRANSFER,1570024.12,0.0,0.0,2547520.23,4117544.36
136,CASH_OUT,126870.85,148160.98,21290.12,4760791.55,4713753.29
276,CASH_OUT,78452.02,324.0,0.0,690870.46,769322.49
10,CASH_OUT,159289.76,0.0,0.0,297056.35,569268.22
402,CASH_OUT,285485.81,20303.0,0.0,1578627.4,1864113.21
355,CASH_OUT,516849.28,0.0,0.0,581451.22,1098300.5
378,CASH_OUT,176102.65,19200.0,0.0,291549.27,467651.92
181,TRANSFER,603883.45,0.0,0.0,876311.51,1480194.96
331,CASH_OUT,88306.33,217844.0,129537.67,687729.95,776036.28
211,CASH_OUT,54246.13,12323.0,0.0,132115.34,186361.47
181,CASH_OUT,312999.9,14714.0,0.0,0.0,312999.9
178,CASH_OUT,389416.02,0.0,0.0,601876.58,991292.6
179,TRANSFER,116655.33,0.0,0.0,364333.03,1085863.66
299,CASH_OUT,511144.53,83036.0,0.0,0.0,511144.53
18,CASH_OUT,13159.25,30487.0,17327.75,1069655.2,1045088.84
352,CASH_OUT,188253.84,49554.0,0.0,3538319.81,3726573.64
185,TRANSFER,649125.93,47287.0,0.0,0.0,888792.31
236,CASH_OUT,319323.23,359.0,0.0,10259.05,329582.29
134,TRANSFER,823017.71,48683.0,0.0,1026532.3,1849550.01
160,CASH_OUT,28451.16,2041.0,0.0,0.0,28451.16
282,CASH_OUT,136444.83,27589.0,0.0,315138.96,451583.79
347,TRANSFER,1417461.75,0.0,0.0,2967864.46,4385326.21
299,TRANSFER,2616712.14,238473.0,0.0,1659690.81,4276402.95
394,CASH_OUT,155215.43,0.0,0.0,2880138.94,3035354.37
356,CASH_OUT,11009.44,79276.0,68266.56,0.0,11009.44
162,CASH_OUT,101373.04,0.0,0.0,593590.36,694963.4
181,TRANSFER,599224.73,24729.0,0.0,727294.47,1326519.2
156,CASH_OUT,274222.1,2006.0,0.0,5709803.1,5984025.2
542,CASH_OUT,200443.58,20779.0,0.0,1472174.17,1672617.75
135,TRANSFER,331425.49,0.0,0.0,871133.13,1202558.63
17,CASH_OUT,125394.95,1519.0,0.0,0.0,125394.95
236,TRANSFER,309893.36,626081.0,316187.64,0.0,309893.36
305,CASH_OUT,236527.56,0.0,0.0,716557.69,953085.25
281,CASH_OUT,257980.11,0.0,0.0,1489169.9,1747150.01
403,TRANSFER,170584.92,8353.56,0.0,1796546.16,1967131.08
354,CASH_OUT,105432.07,0.0,0.0,1238798.27,1344230.34
134,CASH_OUT,326713.02,64360.0,0.0,767086.37,1093799.39
137,CASH_OUT,27119.15,57510.0,30390.85,0.0,27119.15
183,CASH_OUT,174592.12,2628.0,0.0,2435899.45,2610491.57
16,TRANSFER,201200.75,9067.0,0.0,0.0,184226.42
250,CASH_OUT,149976.15,10636.0,0.0,0.0,149976.15
203,TRANSFER,557311.48,0.0,0.0,1696726.38,2254037.86
235,CASH_OUT,298950.54,99621.0,0.0,549987.83,848938.37
273,CASH_OUT,139529.86,106760.01,0.0,3157595.52,3297125.37
377,CASH_OUT,216385.65,38948.0,0.0,127995.9,344381.55
37,CASH_OUT,47376.03,0.0,0.0,2214020.26,2261396.29
162,CASH_OUT,50652.83,21143.0,0.0,94955.08,145607.91
354,CASH_OUT,111360.94,0.0,0.0,154250.3,265611.24
202,CASH_OUT,115437.24,0.0,0.0,418411.31,533848.55
186,CASH_OUT,100328.97,0.0,0.0,1543996.62,1644325.59
350,CASH_OUT,617884.7,0.0,0.0,1125392.15,1743276.85
12,TRANSFER,337038.94,29636.0,0.0,140819.27,113366.55
94,CASH_OUT,140773.96,0.0,0.0,320469.79,461243.75
518,CASH_OUT,124333.11,87810.47,0.0,348191.84,472524.95
35,TRANSFER,936258.93,0.0,0.0,6741558.67,7677817.6
10,CASH_OUT,471320.06,0.0,0.0,815015.68,1384166.66
396,CASH_OUT,161831.71,146.0,0.0,0.0,161831.71
283,TRANSFER,13158.85,0.0,0.0,68477.15,81636.01
192,TRANSFER,391045.41,0.0,0.0,1238193.29,1629238.69
15,CASH_OUT,267239.77,926480.4,659240.62,19438.0,0.0
376,CASH_OUT,290077.57,297872.0,7794.43,0.0,290077.57
178,CASH_OUT,153528.17,46435.0,0.0,160117.88,313646.05
306,CASH_OUT,61803.81,0.0,0.0,778224.78,840028.59
373,CASH_OUT,136812.39,0.0,0.0,165480.06,302292.45
659,CASH_OUT,174972.33,0.0,0.0,4265847.7,4440820.03
372,CASH_OUT,123380.95,0.0,0.0,910201.7,1033582.65
404,TRANSFER,566290.12,133375.0,0.0,6334166.62,6900456.74
403,CASH_OUT,92310.17,84574.0,0.0,2311100.4,2403410.57
330,CASH_OUT,251613.98,0.0,0.0,1590622.2,1842236.19
19,CASH_OUT,7758.26,9180.0,1421.74,2073794.03,2081552.29
401,CASH_OUT,91589.99,9932.0,0.0,0.0,91589.99
39,CASH_OUT,93581.87,124465.0,30883.13,236010.17,329592.04
374,TRANSFER,297662.4,0.0,0.0,606613.08,904275.48
371,CASH_OUT,329577.28,123886.0,0.0,213375.43,542952.71
396,CASH_OUT,547255.05,1449.0,0.0,91096.0,638351.05
21,CASH_OUT,37268.34,0.0,0.0,323971.73,361240.07
378,TRANSFER,989657.02,114680.26,0.0,1374304.04,2363961.06
13,CASH_OUT,122304.15,0.0,0.0,1301462.87,1042450.48
133,CASH_OUT,204748.89,0.0,0.0,4854984.79,5059733.68
308,CASH_OUT,128896.56,109002.0,0.0,63893.07,192789.63
177,CASH_OUT,8231.29,0.0,0.0,514324.37,522555.66
157,CASH_OUT,14444.53,0.0,0.0,981969.73,996414.26
393,CASH_OUT,141197.6,1825.0,0.0,139634.92,280832.52
177,CASH_OUT,123922.02,20546.0,0.0,3096636.57,3220558.6
20,CASH_OUT,251701.01,8696.0,0.0,931434.63,1183135.64
305,CASH_OUT,429033.69,21067.0,0.0,26432.54,455466.23
346,TRANSFER,1276470.41,34398.0,0.0,0.0,1276470.41
355,CASH_OUT,35642.79,62378.0,26735.21,23612.2,59254.98
373,CASH_OUT,206060.38,0.0,0.0,671126.46,877186.83
129,CASH_OUT,381056.68,11557.0,0.0,357642.51,738699.19
254,CASH_OUT,83399.68,119164.0,35764.32,0.0,83399.68
570,CASH_OUT,71150.11,104565.0,33414.89,5503752.47,5574902.58
155,CASH_OUT,114499.86,0.0,0.0,152926.15,267426.01
398,CASH_OUT,19450.84,31515.0,12064.16,191356.18,210807.02
307,CASH_OUT,15508.55,6032.0,0.0,29779916.71,29795425.26
259,TRANSFER,322758.35,8274.0,0.0,1706359.25,2029117.6
328,CASH_OUT,374067.51,9129.0,0.0,564659.47,938726.97
17,CASH_OUT,454948.97,32025.0,0.0,173072.63,628021.61
305,CASH_OUT,196272.42,0.0,0.0,5569565.87,5765838.29
189,CASH_OUT,112989.17,0.0,0.0,4901141.71,5014130.87
280,CASH_OUT,42702.41,10849.0,0.0,0.0,42702.41
394,CASH_OUT,38823.35,0.0,0.0,531666.76,570490.11
186,CASH_OUT,197838.54,18820.0,0.0,50281.57,248120.1
404,CASH_OUT,196891.22,20495.0,0.0,834044.93,1030936.16
518,TRANSFER,1284006.5,95344.0,0.0,2124068.76,3408075.26
228,CASH_OUT,480682.78,12360.0,0.0,102891.1,583573.88
324,TRANSFER,121996.51,0.0,0.0,188889.12,310885.62
353,CASH_OUT,342258.2,149.0,0.0,4364182.67,4706440.87
132,CASH_OUT,347162.78,0.0,0.0,1888870.81,2236033.59
212,CASH_OUT,232638.31,0.0,0.0,918976.09,1151614.4
251,CASH_OUT,584157.01,0.0,0.0,1353695.25,1937852.25
132,CASH_OUT,267570.69,781.0,0.0,0.0,267570.69
33,CASH_OUT,144493.2,37649.0,0.0,0.0,144493.2
9,CASH_OUT,317620.69,11090.0,0.0,861466.8,662177.29
355,CASH_OUT,112528.12,69973.04,0.0,51631371.03,51743899.15
228,CASH_OUT,65205.53,1473047.89,1407842.36,54795.49,120001.02
19,CASH_OUT,305205.08,140863.0,0.0,131023.15,319564.93
210,CASH_OUT,122720.21,83100.38,0.0,161302.14,284022.35
226,CASH_OUT,114764.16,0.0,0.0,322621.0,437385.16
259,CASH_OUT,280032.35,18364.0,0.0,0.0,280032.35
302,CASH_OUT,252240.62,0.0,0.0,273289.72,525530.34
375,CASH_OUT,357595.15,0.0,0.0,3807120.67,4164715.82
165,TRANSFER,216726.9,0.0,0.0,440366.08,657092.99
304,CASH_OUT,94818.14,411.0,0.0,0.0,94818.14
687,CASH_OUT,261908.84,1047.0,0.0,0.0,261908.84
356,CASH_OUT,34625.19,97516.0,62890.81,0.0,34625.19
259,CASH_OUT,82597.0,0.0,0.0,2610055.54,2692652.54
139,TRANSFER,135796.98,0.0,0.0,637291.12,773088.1
323,CASH_OUT,104329.97,24918.0,0.0,0.0,104329.97
352,TRANSFER,270941.47,0.0,0.0,3893164.52,4164105.98
349,CASH_OUT,113091.68,273.0,0.0,0.0,113091.68
275,CASH_OUT,11069.57,0.0,0.0,400330.23,411399.8
185,CASH_OUT,108524.37,167369.0,58844.63,204435.21,312959.58
297,CASH_OUT,26540.22,7049.0,0.0,434949.79,461490.01
325,TRANSFER,205135.58,0.0,0.0,807534.27,1012669.85
353,CASH_OUT,340705.78,0.0,0.0,1163234.27,1503940.04
160,CASH_OUT,12861.39,122358.0,109496.61,398736.01,411597.4
373,CASH_OUT,373668.09,0.0,0.0,465430.63,839098.72
250,CASH_OUT,27681.14,0.0,0.0,8116842.8,8144523.94
299,CASH_OUT,223619.36,45763.0,0.0,0.0,223619.36
18,CASH_OUT,91236.33,0.0,0.0,8952173.75,9108650.77
310,CASH_OUT,266025.35,0.0,0.0,2372294.22,2638319.57
43,CASH_OUT,205733.0,9930.0,0.0,825714.97,1031447.97
260,CASH_OUT,313655.66,3409.0,0.0,689566.02,1003221.68
331,CASH_OUT,79639.69,131585.6,51945.91,2451243.58,2530883.27
372,CASH_OUT,144082.87,4591.0,0.0,205015.51,349098.38
402,CASH_OUT,103977.26,119485.0,15507.74,0.0,103977.26
306,CASH_OUT,157979.04,31484.0,0.0,0.0,157979.04
253,CASH_OUT,109923.3,954.0,0.0,0.0,109923.3
132,CASH_OUT,188683.3,0.0,0.0,6055509.02,6244192.32
518,TRANSFER,138509.13,22916.0,0.0,3200111.91,3338621.04
249,CASH_OUT,114134.41,143236.42,29102.01,2571542.34,2685676.75
279,CASH_OUT,103395.73,0.0,0.0,1918361.26,2021756.98
39,CASH_OUT,271420.78,21257.0,0.0,17936.59,289357.36
203,CASH_OUT,79866.92,49017.0,0.0,0.0,79866.92
18,CASH_OUT,121230.91,15640.0,0.0,0.0,121230.91
280,CASH_OUT,450142.28,65.0,0.0,127728.06,577870.34
233,CASH_OUT,233838.06,315459.92,81621.86,1566637.69,1800475.75
259,CASH_OUT,217763.35,0.0,0.0,220941.38,438704.73
356,CASH_OUT,152925.25,0.0,0.0,465693.82,618619.06
133,CASH_OUT,92081.05,0.0,0.0,2109033.62,2201114.67
637,CASH_OUT,270664.7,0.0,0.0,7433615.89,7704280.59
398,TRANSFER,1453233.44,0.0,0.0,4885878.78,6339112.22
276,TRANSFER,35813.6,0.0,0.0,1090657.27,1126470.87
402,CASH_OUT,432433.8,9927.0,0.0,2506988.54,2939422.33
324,TRANSFER,674658.83,0.0,0.0,904671.44,1579330.27
20,CASH_OUT,204699.83,107674.0,0.0,2481914.16,2928168.63
139,CASH_OUT,47527.54,0.0,0.0,120979.16,0.0
286,CASH_OUT,14350.03,126.0,0.0,661790.97,676141.0
326,CASH_OUT,261719.39,0.0,0.0,448654.0,710373.4
11,CASH_OUT,223428.41,31836.0,0.0,736600.04,521983.14
156,CASH_OUT,488191.39,100454.0,0.0,783732.11,1271923.5
373,TRANSFER,184586.48,172970.27,0.0,11737604.92,11922191.4
393,CASH_OUT,368028.75,0.0,0.0,6782062.92,7150091.66
300,CASH_OUT,116543.52,14502.0,0.0,429115.18,545658.7
18,CASH_OUT,202801.98,0.0,0.0,5630366.67,5833168.65
12,CASH_OUT,67752.48,10043.0,0.0,0.0,67752.48
131,CASH_OUT,96363.91,5062.0,0.0,1556780.65,1653144.57
525,CASH_OUT,33919.25,0.0,0.0,262188.47,296107.72
137,CASH_OUT,136427.6,12959.0,0.0,183547.87,319975.47
155,CASH_OUT,129928.09,0.0,0.0,1814072.59,1944000.68
11,CASH_OUT,145110.68,94447.0,0.0,0.0,145110.68
304,TRANSFER,10000000.0,0.0,0.0,10602932.15,47455870.66
33,CASH_OUT,75432.27,0.0,0.0,493812.89,569245.17
14,TRANSFER,516611.8,0.0,0.0,1766576.1,3145348.55
166,CASH_OUT,55080.52,22328.64,0.0,287090.96,342171.48
235,CASH_OUT,145575.21,0.0,0.0,239060.24,384635.45
357,CASH_OUT,265615.93,165388.04,0.0,7818839.25,8084455.18
212,TRANSFER,510289.68,122978.0,0.0,1002161.15,1512450.83
139,TRANSFER,671446.86,0.0,0.0,7500688.78,8172135.63
400,CASH_OUT,266963.49,0.0,0.0,379047.24,646010.73
692,CASH_OUT,253802.72,80806.0,0.0,0.0,253802.72
334,TRANSFER,186638.21,21524.0,0.0,0.0,186638.21
14,CASH_OUT,99178.91,0.0,0.0,4524542.84,4418116.2
45,CASH_OUT,215405.43,88948.25,0.0,533667.02,749072.45
233,CASH_OUT,72229.26,0.0,0.0,888982.33,961211.59
229,TRANSFER,408168.68,39785.0,0.0,119155.66,527324.34
20,CASH_OUT,92477.97,504.0,0.0,2208864.87,2301342.84
235,CASH_OUT,245869.27,0.0,0.0,1606278.09,1852147.36
275,CASH_OUT,15031.78,0.0,0.0,74656.8,89688.58
158,CASH_OUT,35222.67,11148.0,0.0,3724494.41,3759717.08
210,CASH_OUT,519350.11,0.0,0.0,14654817.4,15174167.51
328,CASH_OUT,309578.09,0.0,0.0,487949.71,797527.8
20,CASH_OUT,24580.17,2890.0,0.0,343597.14,368177.31
346,CASH_OUT,102421.89,25117.0,0.0,624452.14,726874.03
235,CASH_OUT,104560.87,9948.0,0.0,813564.5,918125.37
36,CASH_OUT,126943.53,0.0,0.0,300195.29,427138.82
298,TRANSFER,258436.53,11778.0,0.0,0.0,258436.53
371,CASH_OUT,210743.06,0.0,0.0,633465.87,949679.49
39,CASH_OUT,56665.46,99195.0,42529.54,307589.59,364255.05
330,CASH_OUT,344774.64,0.0,0.0,7105700.34,7450474.98
40,CASH_OUT,115200.52,11380.0,0.0,0.0,115200.52
232,CASH_OUT,351222.5,0.0,0.0,864660.44,1215882.94
20,CASH_OUT,149138.29,21403.0,0.0,515860.89,664999.18
349,TRANSFER,1848246.31,0.0,0.0,4231412.99,6079659.3
327,TRANSFER,11026196.01,0.0,0.0,15599006.07,26625202.08
370,CASH_OUT,98464.04,0.0,0.0,1428796.14,1527260.18
546,CASH_OUT,41514.5,0.0,0.0,5866941.01,5908455.51
353,CASH_OUT,184527.45,0.0,0.0,2498537.51,2683064.96
594,TRANSFER,141122.9,11468.0,0.0,0.0,141122.9
136,CASH_OUT,444341.98,104703.0,0.0,963285.81,1407627.79
34,CASH_OUT,239972.12,42735.0,0.0,0.0,239972.12
326,TRANSFER,306983.77,0.0,0.0,3834828.88,4141812.65
132,CASH_OUT,118665.22,6662.0,0.0,0.0,118665.22
302,CASH_OUT,217056.91,21555.0,0.0,152544.3,668095.54
236,CASH_OUT,111844.44,794510.0,682665.56,2894264.78,3127168.72
302,CASH_OUT,103885.5,22781.0,0.0,0.0,103885.5
129,CASH_OUT,109665.6,0.0,0.0,698084.0,574130.92
36,CASH_OUT,402731.83,0.0,0.0,821001.42,1223733.25
351,TRANSFER,127358.61,1623.0,0.0,0.0,127358.61
397,CASH_OUT,80934.96,0.0,0.0,191472.93,272407.9
217,CASH_OUT,25959.33,0.0,0.0,756921.07,782880.4
234,CASH_OUT,245844.98,15472.0,0.0,0.0,245844.98
180,CASH_OUT,144715.94,480806.0,336090.06,564423.83,709139.78
229,CASH_OUT,361401.14,0.0,0.0,29001752.16,29363153.29
37,CASH_OUT,242883.02,0.0,0.0,1112625.94,1355508.96
369,CASH_OUT,401385.19,0.0,0.0,1754138.92,2155524.11
252,CASH_OUT,553073.91,0.0,0.0,751415.66,1304489.58
131,CASH_OUT,252251.19,445.0,0.0,1940403.93,2192655.13
155,CASH_OUT,93722.76,0.0,0.0,2547499.38,2641222.14
329,TRANSFER,3754927.93,0.0,0.0,11368873.75,15123801.68
161,CASH_OUT,5780.91,883935.0,878154.09,0.0,128642.16
500,TRANSFER,56341.3,394.0,0.0,0.0,56341.3
306,TRANSFER,109567.28,11109.0,0.0,139684.3,249251.58
19,CASH_OUT,446908.39,0.0,0.0,587119.72,502917.42
357,CASH_OUT,222743.13,0.0,0.0,327548.62,550291.74
260,CASH_OUT,92789.92,0.0,0.0,1006081.53,1098871.46
232,TRANSFER,400109.43,1191441.96,791332.53,1577896.45,1978005.88
259,CASH_OUT,28612.29,108074.0,79461.71,1231087.8,1259700.09
36,CASH_OUT,180595.55,0.0,0.0,746499.08,927094.63
242,CASH_OUT,98921.8,0.0,0.0,8014573.9,8113495.69
690,TRANSFER,285982.47,0.0,0.0,745780.17,1031762.64
405,CASH_OUT,132210.22,54730.46,0.0,1679599.86,1811810.08
329,CASH_OUT,4042.73,21017.0,16974.27,6795084.2,6799126.93
94,TRANSFER,84093.69,166317.0,82223.31,0.0,84093.69
166,TRANSFER,1399728.32,0.0,0.0,4227717.31,5627445.63
155,CASH_OUT,1955.12,0.0,0.0,276235.28,278190.4
252,CASH_OUT,199521.51,961.0,0.0,3328379.22,3527900.73
225,CASH_OUT,254578.54,120808.0,0.0,0.0,254578.54
13,CASH_OUT,57499.29,0.0,0.0,252550.5,61735.09
301,CASH_OUT,7894.9,689340.0,681445.1,1075749.93,1083644.83
190,CASH_OUT,295456.57,0.0,0.0,2464710.19,2760166.76
179,TRANSFER,1173187.65,0.0,0.0,2400024.53,3573212.18
139,TRANSFER,664729.35,0.0,0.0,737011.7,1401741.06
283,CASH_OUT,35176.5,0.0,0.0,226044.29,261220.79
310,TRANSFER,115358.92,168.0,0.0,6014808.99,6130167.91
185,CASH_OUT,138357.17,20830.0,0.0,0.0,138357.17
135,CASH_OUT,395681.12,0.0,0.0,759955.58,1155636.7
140,CASH_OUT,152419.97,0.0,0.0,287361.69,439781.67
40,CASH_OUT,365425.43,25539.0,0.0,3044126.99,3409552.42
402,CASH_OUT,126202.02,0.0,0.0,6916380.85,7042582.87
205,CASH_OUT,76033.03,159721.0,83687.97,0.0,76033.03
565,TRANSFER,1581051.4,792255.0,0.0,0.0,1581051.4
329,TRANSFER,52066.16,389.0,0.0,0.0,52066.16
19,CASH_OUT,301549.03,426.0,0.0,3248415.11,3549964.14
19,CASH_OUT,195030.18,894.0,0.0,1223615.52,1584018.9
353,CASH_OUT,259775.16,0.0,0.0,1001871.75,1261646.91
284,CASH_OUT,157953.72,0.0,0.0,624357.19,782310.9
251,CASH_OUT,98806.76,182.0,0.0,243144.38,341951.14
563,CASH_OUT,9262.33,0.0,0.0,744666.74,753929.07
183,CASH_OUT,112004.52,105151.0,0.0,421834.85,533839.37
251,CASH_OUT,122937.23,420.0,0.0,0.0,122937.23
690,CASH_OUT,51257.11,52930.0,1672.89,0.0,51257.11
393,CASH_OUT,2434.03,0.0,0.0,1204790.84,1207224.87
276,TRANSFER,678621.78,0.0,0.0,1268745.63,1947367.41
299,CASH_OUT,237980.46,135390.85,0.0,3598545.43,3836525.89
276,CASH_OUT,216426.47,0.0,0.0,242458.65,458885.11
230,CASH_OUT,297535.3,65611.0,0.0,133541.5,431076.81
134,TRANSFER,275064.29,0.0,0.0,1030562.3,1305626.59
36,CASH_OUT,316092.59,55174.0,0.0,110843.0,426935.59
21,TRANSFER,121486.54,123150.16,1663.62,856727.17,1209405.24
180,CASH_OUT,8767.61,0.0,0.0,48111.86,56879.47
402,TRANSFER,288214.35,0.0,0.0,598273.51,886487.85
659,CASH_OUT,77701.92,51521.0,0.0,351905.95,429607.87
300,CASH_OUT,68273.38,0.0,0.0,3931619.42,3999892.8
206,CASH_OUT,58846.9,0.0,0.0,1272675.63,1331522.54
141,TRANSFER,517685.17,104302.0,0.0,0.0,517685.17
277,CASH_OUT,107033.6,10803.0,0.0,912329.55,1019363.15
261,CASH_OUT,7066.8,39792.0,32725.2,110006.46,117073.26
153,CASH_OUT,514108.38,78124.0,0.0,510333.51,1024441.89
325,TRANSFER,424468.07,801254.0,376785.93,0.0,424468.07
43,CASH_OUT,288314.61,36547.0,0.0,2706102.86,2994417.47
304,CASH_OUT,405887.27,629349.0,223461.73,1385939.42,1791826.69
39,CASH_OUT,290942.16,0.0,0.0,2482857.35,2773799.51
162,TRANSFER,460181.32,20789.0,0.0,0.0,460181.32
279,TRANSFER,1013165.64,0.0,0.0,6312542.39,7325708.03
681,CASH_OUT,17391.63,2081.0,0.0,0.0,17391.63
299,TRANSFER,453854.49,50984.0,0.0,1926237.6,2380092.09
163,CASH_OUT,58907.15,7071.0,0.0,0.0,58907.15
8,CASH_OUT,227086.48,18589.37,0.0,272165.5,572009.82
346,TRANSFER,1707986.07,0.0,0.0,3047789.66,4755775.73
352,CASH_OUT,444550.89,402657.0,0.0,0.0,444550.89
297,CASH_OUT,191167.36,68157.0,0.0,554737.18,745904.54
44,CASH_OUT,167173.37,40203.0,0.0,0.0,167173.37
251,CASH_OUT,47957.32,0.0,0.0,1040999.78,1088957.1
254,CASH_OUT,50860.59,5054.0,0.0,288665.75,339526.35
281,CASH_OUT,176234.75,47493.0,0.0,617431.03,793665.78
277,CASH_OUT,25367.42,5663.0,0.0,4204.52,29571.94
259,CASH_OUT,55980.24,0.0,0.0,76138.46,132118.7
373,TRANSFER,1172775.13,507512.0,0.0,11781.0,1117709.1
132,CASH_OUT,384537.57,40883.0,0.0,420511.33,1134562.53
185,TRANSFER,138538.51,0.0,0.0,381416.92,519955.43
325,CASH_OUT,393166.99,7175.0,0.0,0.0,393166.99
233,TRANSFER,308296.47,0.0,0.0,4304703.96,4613000.43
409,TRANSFER,1050135.78,1050135.78,0.0,0.0,0.0
323,CASH_OUT,114066.41,49409.0,0.0,18054.97,132121.37
335,CASH_OUT,208068.29,0.0,0.0,217629.24,425697.53
42,CASH_OUT,178258.31,117315.0,0.0,0.0,178258.31
167,CASH_OUT,98832.57,0.0,0.0,127429.82,226262.39
35,CASH_OUT,3605.14,0.0,0.0,281495.62,285100.76
353,CASH_OUT,52000.04,25647.0,0.0,0.0,52000.04
330,CASH_OUT,40695.62,218328.0,177632.38,59202.6,99898.22
131,CASH_OUT,316867.81,0.0,0.0,333196.38,650064.18
308,CASH_OUT,208403.41,0.0,0.0,890114.87,1098518.28
33,CASH_OUT,64871.23,0.0,0.0,95366.0,160237.23
589,CASH_OUT,14471.59,5614.0,0.0,499794.35,514265.95
158,CASH_OUT,263507.05,0.0,0.0,7676331.35,8547788.66
209,CASH_OUT,157005.76,4173.04,0.0,1162863.93,1319869.69
226,CASH_OUT,166258.11,0.0,0.0,168302.7,334560.82
130,TRANSFER,350493.5,11429.0,0.0,1289652.13,1438364.03
306,CASH_OUT,150703.68,0.0,0.0,167362.09,318065.77
40,TRANSFER,219804.24,0.0,0.0,3002236.57,5342120.39
357,CASH_OUT,41678.05,20725.0,0.0,86027.46,127705.52
298,CASH_OUT,324712.31,5503.0,0.0,26977.4,351689.71
138,CASH_OUT,141256.33,11452.0,0.0,427502.54,568758.88
180,CASH_OUT,145773.93,0.0,0.0,901133.48,1046907.41
141,CASH_OUT,213298.46,0.0,0.0,502384.53,715683.0
157,CASH_OUT,638503.87,30961.0,0.0,0.0,638503.87
691,CASH_OUT,127858.29,1382.0,0.0,0.0,127858.29
214,CASH_OUT,447841.46,0.0,0.0,547186.51,995027.97
37,CASH_OUT,6725.06,42.0,0.0,371661.63,378386.69
22,TRANSFER,318688.53,0.0,0.0,740328.06,1059016.59
179,CASH_OUT,239068.53,0.0,0.0,1403278.39,1642346.91
33,CASH_OUT,274183.18,7264.0,0.0,597793.5,871976.68
356,CASH_OUT,65353.63,29698.0,0.0,157900.04,223253.68
232,CASH_OUT,109146.63,47790.0,0.0,160093.92,269240.54
207,CASH_OUT,99240.84,205224.0,105983.16,0.0,99240.84
210,CASH_OUT,430196.24,74258.0,0.0,2246308.37,2676504.6
284,CASH_OUT,307728.49,0.0,0.0,473204.3,780932.8
308,CASH_OUT,200750.59,0.0,0.0,509390.31,710140.9
263,CASH_OUT,63655.31,18955.33,0.0,498017.17,561672.48
518,TRANSFER,1518620.65,0.0,0.0,3950927.41,5469548.06
358,CASH_OUT,204258.89,0.0,0.0,425719.96,629978.84
39,TRANSFER,300538.75,31600.0,0.0,206141.36,506680.12
305,TRANSFER,10000000.0,487674.0,0.0,63312.23,32315637.19
155,CASH_OUT,539012.26,21237.0,0.0,0.0,539012.26
163,CASH_OUT,170317.52,0.0,0.0,1090657.87,1260975.39
397,CASH_OUT,192000.69,31256.0,0.0,615879.66,807880.35
282,CASH_OUT,250355.36,0.0,0.0,24875329.39,25125684.74
183,CASH_OUT,301579.76,50909.0,0.0,0.0,301579.76
131,CASH_OUT,19275.43,11682.0,0.0,331826.48,351101.91
307,CASH_OUT,146105.83,0.0,0.0,317480.77,463586.6
253,CASH_OUT,473976.23,204661.0,0.0,411823.98,885800.21
13,TRANSFER,37584.62,0.0,0.0,1058579.57,1096164.19
9,CASH_OUT,316188.71,0.0,0.0,1678130.69,2050832.11
41,CASH_OUT,190570.24,0.0,0.0,860217.76,1050787.99
281,TRANSFER,22108.42,0.0,0.0,337061.46,359169.87
375,CASH_OUT,189819.28,217.0,0.0,0.0,437749.06
619,CASH_OUT,67088.26,351633.0,284544.74,45691.59,112779.84
347,CASH_OUT,149546.98,22316.0,0.0,0.0,149546.98
451,CASH_OUT,70434.69,11609.0,0.0,13302.15,83736.84
231,CASH_OUT,271803.94,0.0,0.0,1098299.31,1370103.25
159,CASH_OUT,12886.26,0.0,0.0,2050102.14,2062988.4
136,CASH_OUT,666418.69,11583.0,0.0,131296.37,797715.06
373,CASH_OUT,214028.73,0.0,0.0,742454.98,956483.71
188,CASH_OUT,168107.96,365565.21,197457.24,985058.06,1153166.02
355,CASH_OUT,586668.24,0.0,0.0,3004845.79,3591514.03
37,CASH_OUT,78767.24,5426.87,0.0,425523.22,504290.46
493,CASH_OUT,273441.59,638.0,0.0,453465.86,726907.45
398,CASH_OUT,89039.48,5783.0,0.0,115217.84,204257.32
202,CASH_OUT,354312.05,10540.0,0.0,0.0,354312.05
355,CASH_OUT,134787.68,73653.0,0.0,799394.23,934181.9
206,CASH_OUT,371928.46,20377.0,0.0,3440703.45,3980197.17
401,TRANSFER,105782.95,0.0,0.0,317181.68,422964.63
205,CASH_OUT,173096.05,1056.0,0.0,81639.0,254735.05
331,CASH_OUT,149337.51,416607.0,267269.49,319444.72,468782.23
163,CASH_OUT,157407.79,46958.67,0.0,306937.02,464344.81
299,CASH_OUT,36149.96,0.0,0.0,1986790.93,2022940.89
683,CASH_OUT,325770.6,20545.0,0.0,0.0,325770.6
306,CASH_OUT,149890.86,20724.0,0.0,541895.7,691786.57
352,TRANSFER,1670817.83,139.0,0.0,0.0,1670817.83
397,CASH_OUT,249999.82,0.0,0.0,757212.05,1007211.88
257,CASH_OUT,60637.66,0.0,0.0,1843205.22,1903842.88
402,CASH_OUT,313387.58,391.0,0.0,89835.22,403222.81
281,CASH_OUT,108900.71,0.0,0.0,277987.41,386888.12
420,CASH_OUT,106138.35,475879.0,369740.65,0.0,106138.35
212,CASH_OUT,99131.11,35352.0,0.0,428200.95,527332.07
346,TRANSFER,384085.36,0.0,0.0,523589.28,907674.64
354,CASH_OUT,207521.28,8190.9,0.0,670704.02,878225.3
373,CASH_OUT,209711.77,0.0,0.0,638601.75,848313.52
156,CASH_OUT,303.21,34759.0,34455.79,0.0,303.21
154,CASH_OUT,333125.21,100504.0,0.0,758822.05,1194315.18
395,CASH_OUT,348817.86,0.0,0.0,759983.62,1108801.48
19,CASH_OUT,88912.75,49594.0,0.0,4408044.76,5065540.87
285,TRANSFER,1309590.2,2157.59,0.0,1928617.74,3238207.94
161,CASH_OUT,237669.51,11304.0,0.0,763221.85,1000891.35
162,CASH_OUT,81314.79,25438.0,0.0,0.0,0.0
187,CASH_OUT,136246.65,50403.0,0.0,0.0,136246.65
211,CASH_OUT,166613.79,157788.0,0.0,4442414.59,4675852.85
202,CASH_OUT,335554.62,11538.0,0.0,5765613.14,6101167.76
373,TRANSFER,369008.65,0.0,0.0,462651.52,831660.17
42,TRANSFER,551090.25,51430.0,0.0,13053.9,564144.15
183,CASH_OUT,160561.54,201852.0,41290.46,8086948.97,8247510.51
129,CASH_OUT,32676.66,0.0,0.0,162561.43,355747.34
354,CASH_OUT,16121.6,1079.0,0.0,0.0,16121.6
524,TRANSFER,200283.48,207679.82,7396.33,269089.83,469373.31
138,TRANSFER,263100.86,36611.0,0.0,39674.25,302775.1
15,TRANSFER,1082074.47,0.0,0.0,5835114.11,7069734.55
404,CASH_OUT,40794.28,79.0,0.0,0.0,40794.28
163,CASH_OUT,28899.52,13474.0,0.0,1458207.52,1487107.05
159,CASH_OUT,307789.01,99190.0,0.0,0.0,307789.01
18,TRANSFER,116319.95,0.0,0.0,128340.97,244660.92
253,CASH_OUT,273731.36,11198.0,0.0,10855220.15,11128951.51
211,CASH_OUT,440404.43,0.0,0.0,5676147.54,5977819.4
396,CASH_OUT,108731.93,0.0,0.0,132749.06,241480.98
207,CASH_OUT,311297.06,19626.0,0.0,23519.57,334816.63
322,CASH_OUT,87268.53,0.0,0.0,150631.57,237900.1
17,TRANSFER,968546.77,222514.39,0.0,2128627.11,3097173.88
225,CASH_OUT,44606.68,1049.0,0.0,1912338.59,1956945.27
369,TRANSFER,2823122.09,357850.0,0.0,2084506.47,4907628.56
16,CASH_OUT,106256.89,16651.0,0.0,21419.41,127676.3
9,CASH_OUT,97378.88,0.0,0.0,294452.41,295286.96
206,CASH_OUT,187518.08,52816.0,0.0,0.0,187518.08
398,CASH_OUT,18341.68,0.0,0.0,219607.03,237948.71
380,CASH_OUT,45643.12,97040.0,51396.88,1306466.06,1352109.18
326,TRANSFER,11485651.45,0.0,0.0,16258141.83,27743793.28
182,CASH_OUT,177352.13,0.0,0.0,707032.62,884384.75
308,CASH_OUT,214967.67,206792.0,0.0,529892.51,744860.18
379,CASH_OUT,233393.42,0.0,0.0,235575.98,468969.4
188,TRANSFER,665196.94,50916.0,0.0,389579.18,1054776.13
178,CASH_OUT,301719.16,0.0,0.0,1448197.96,1749917.12
210,CASH_OUT,333920.22,0.0,0.0,16511983.61,16845903.83
354,CASH_OUT,225440.02,104180.0,0.0,50733.78,276173.79
275,CASH_OUT,55814.94,0.0,0.0,135141.06,190956.0
282,CASH_OUT,191496.03,11390.0,0.0,1785475.58,1976971.61
379,CASH_OUT,218911.75,0.0,0.0,4507419.04,4726330.78
304,CASH_OUT,114138.94,40859.0,0.0,5436712.12,5550851.07
182,CASH_OUT,225134.38,0.0,0.0,3668588.47,3893722.85
298,CASH_OUT,96483.02,0.0,0.0,127467.9,223950.93
379,CASH_OUT,59028.66,0.0,0.0,215562.93,274591.59
188,CASH_OUT,11821.78,0.0,0.0,33433.07,45254.85
571,CASH_OUT,214177.76,10873.0,0.0,0.0,214177.76
209,CASH_OUT,285819.58,186.0,0.0,690083.55,975903.13
404,CASH_OUT,208708.57,11016.0,0.0,23375.38,232083.95
235,CASH_OUT,1358.78,394.0,0.0,0.0,1358.78
683,TRANSFER,484893.08,0.0,0.0,4805630.06,5290523.14
211,CASH_OUT,166738.86,0.0,0.0,405878.11,572616.98
252,CASH_OUT,313275.04,3867.0,0.0,623017.78,936292.83
153,CASH_OUT,98190.73,0.0,0.0,1384344.75,1482535.48
277,CASH_OUT,149108.88,170275.0,21166.12,0.0,149108.88
670,TRANSFER,256354.7,0.0,0.0,308043.82,564398.52
133,CASH_OUT,401124.91,106549.0,0.0,111878.57,513003.48
302,CASH_OUT,143469.86,117287.0,0.0,3333.51,146803.37
156,CASH_OUT,41461.9,0.0,0.0,1888902.79,1930364.68
396,CASH_OUT,336716.38,0.0,0.0,2304293.17,2641009.55
203,CASH_OUT,291009.76,190059.5,0.0,582575.97,873585.73
40,CASH_OUT,94965.11,0.0,0.0,3658324.41,3753289.52
381,CASH_OUT,2464.81,0.0,0.0,53585.11,56049.92
19,CASH_OUT,1220.56,50999.0,49778.44,100802.0,0.0
228,CASH_OUT,54017.27,0.0,0.0,251927.68,305944.94
297,TRANSFER,13931354.24,0.0,0.0,15305561.03,29236915.27
253,CASH_OUT,240688.38,0.0,0.0,295270.5,535958.88
359,CASH_OUT,172196.91,6065.0,0.0,0.0,172196.91
349,CASH_OUT,88273.13,0.0,0.0,535017.12,623290.25
285,TRANSFER,657271.18,35993.07,0.0,8081304.84,8738576.03
226,TRANSFER,2352869.26,5172.0,0.0,0.0,2352869.26
154,CASH_OUT,174452.6,0.0,0.0,489550.83,664003.44
401,CASH_OUT,50310.88,0.0,0.0,54892.48,105203.36
42,CASH_OUT,175097.93,2043.0,0.0,0.0,175097.93
379,CASH_OUT,404065.02,0.0,0.0,3633610.87,4037675.9
310,TRANSFER,436315.41,871501.59,435186.18,669388.36,1105703.77
358,CASH_OUT,128406.78,0.0,0.0,252786.69,381193.46
348,TRANSFER,86997.93,0.0,0.0,242966.47,329964.41
308,CASH_OUT,65708.94,0.0,0.0,753720.87,819429.81
208,TRANSFER,83135.7,95118.0,11982.3,0.0,83135.7
203,CASH_OUT,145767.09,155113.0,9345.91,95659.38,241426.46
348,CASH_OUT,167770.56,178.0,0.0,282832.99,450603.55
350,CASH_OUT,36251.62,214785.69,178534.07,1242229.44,1278481.06
355,CASH_OUT,209516.54,20079.0,0.0,357182.48,807898.4
95,TRANSFER,1060680.13,0.0,0.0,5682317.02,6742997.15
255,CASH_OUT,64589.61,0.0,0.0,1179819.88,1244409.49
254,TRANSFER,151745.86,12565.0,0.0,750258.59,902004.45
139,CASH_OUT,140117.98,255528.0,115410.02,695608.66,835726.64
161,CASH_OUT,290608.19,59782.0,0.0,534276.51,824884.7
396,CASH_OUT,175051.73,0.0,0.0,1291420.71,1666622.13
692,CASH_OUT,77879.17,365.0,0.0,0.0,77879.17
131,CASH_OUT,72326.81,100805.0,28478.19,0.0,72326.81
251,TRANSFER,486502.97,0.0,0.0,959532.24,1446035.22
281,TRANSFER,403733.95,0.0,0.0,538667.12,942401.07
9,CASH_OUT,77989.96,0.0,0.0,1037513.67,1248023.53
33,CASH_OUT,306363.15,0.0,0.0,353433.11,659796.26
311,TRANSFER,478062.01,30682.0,0.0,1118853.05,1596915.06
256,CASH_OUT,113333.11,0.0,0.0,706951.03,820284.13
139,TRANSFER,827695.17,0.0,0.0,2089053.27,2916748.44
300,CASH_OUT,60678.65,494.0,0.0,73270.3,133948.95
251,CASH_OUT,142001.86,11117.0,0.0,2703377.12,2845378.97
42,CASH_OUT,245510.58,13819.0,0.0,0.0,245510.58
381,TRANSFER,87289.19,107940.0,20650.81,1320971.46,1408260.66
139,CASH_OUT,163243.26,0.0,0.0,971812.03,1161791.67
210,CASH_OUT,1659.83,0.0,0.0,872098.86,873758.69
279,CASH_OUT,51181.67,21391.0,0.0,0.0,51181.67
204,CASH_OUT,388528.55,53314.0,0.0,0.0,388528.55
179,CASH_OUT,356889.3,0.0,0.0,1391204.08,1748093.38
377,CASH_OUT,157843.28,0.0,0.0,2874555.3,3032398.58
158,TRANSFER,219158.93,21568.0,0.0,20986.44,240145.37
686,CASH_OUT,159906.66,50966.0,0.0,38000.5,197907.16
40,TRANSFER,105533.9,0.0,0.0,1135361.81,1240895.71
324,CASH_OUT,184059.79,14818.0,0.0,146869.29,330929.07
180,CASH_OUT,244663.86,0.0,0.0,3991432.13,4236095.99
42,CASH_OUT,59720.46,118002.07,58281.61,0.0,59720.46
309,CASH_OUT,98606.68,0.0,0.0,277299.8,375906.48
226,CASH_OUT,482466.38,10924.0,0.0,477782.13,931218.56
166,CASH_OUT,388751.27,0.0,0.0,1315397.76,1704149.03
187,CASH_OUT,119816.63,99574.0,0.0,1124031.94,1243848.57
589,CASH_OUT,100799.21,0.0,0.0,102685.82,337714.33
402,CASH_OUT,235850.05,0.0,0.0,2061704.64,2297554.69
136,CASH_OUT,107538.63,0.0,0.0,2628983.59,2736522.22
178,TRANSFER,4152856.44,8079.0,0.0,15864.28,4168720.72
251,CASH_OUT,280348.13,0.0,0.0,760183.78,1040531.91
9,TRANSFER,1449886.45,0.0,0.0,8287084.31,10034560.67
186,CASH_OUT,143299.9,91070.0,0.0,484708.98,628008.88
404,CASH_OUT,179272.19,0.0,0.0,2678105.38,2857377.57
325,TRANSFER,1116630.83,11320.0,0.0,185478.56,1302109.39
404,TRANSFER,101526.59,11932.0,0.0,0.0,101526.59
301,CASH_OUT,54841.64,0.0,0.0,231354.86,286196.5
348,CASH_OUT,196553.67,152732.0,0.0,0.0,196553.67
227,TRANSFER,974122.51,34.0,0.0,1195288.32,2169410.83
394,TRANSFER,2114968.17,1002072.0,0.0,1876030.45,3990998.62
259,CASH_OUT,252619.06,144248.0,0.0,5244746.31,5497365.37
398,CASH_OUT,311975.22,218.0,0.0,3169220.65,3481195.86
276,TRANSFER,997811.64,30526.0,0.0,564889.02,1562700.66
327,CASH_OUT,437793.58,21861.0,0.0,1639804.71,2077598.29
283,CASH_OUT,10224.65,104907.0,94682.35,0.0,10224.65
235,CASH_OUT,5413.48,27809.0,22395.52,82160.07,87573.55
234,CASH_OUT,129484.34,0.0,0.0,337062.22,466546.56
138,CASH_OUT,211981.85,42032.0,0.0,153662.95,365644.79
369,TRANSFER,3225949.67,65.0,0.0,259164.96,3485114.63
356,TRANSFER,19085.44,49921.1,30835.66,747789.22,766874.66
395,CASH_OUT,76654.7,49725.0,0.0,811700.54,888355.23
179,TRANSFER,94366.94,115555.0,21188.06,293519.57,471192.53
378,TRANSFER,2422053.15,0.0,0.0,3486518.55,5908571.7
139,CASH_OUT,185892.91,0.0,0.0,878460.69,1064353.6
137,CASH_OUT,6264.09,0.0,0.0,332531.48,338795.57
251,CASH_OUT,87252.34,46882.0,0.0,294088.19,381340.53
395,CASH_OUT,327475.38,26739.29,0.0,2544120.53,2871595.91
307,CASH_OUT,206291.38,38684.0,0.0,0.0,206291.38
14,CASH_OUT,83361.74,64.0,0.0,4586460.93,4669822.67
382,CASH_OUT,3313.07,0.0,0.0,318939.31,322252.39
157,CASH_OUT,153055.66,0.0,0.0,1713574.46,1866630.12
13,CASH_OUT,209227.64,0.0,0.0,283922.81,493150.45
321,CASH_OUT,463283.77,28918.0,0.0,0.0,463283.77
373,CASH_OUT,43725.13,0.0,0.0,2409331.16,2453056.29
323,TRANSFER,1308683.3,0.0,0.0,1811643.23,3120326.53
398,CASH_OUT,403883.72,6069.0,0.0,0.0,403883.72
250,CASH_OUT,65778.92,0.0,0.0,902778.37,968557.29
261,CASH_OUT,203172.91,0.0,0.0,885103.95,1088276.85
276,CASH_OUT,77402.04,61968.0,0.0,8645.42,86047.46
154,CASH_OUT,148752.25,39567.0,0.0,0.0,148752.25
181,CASH_OUT,220000.85,257029.0,37028.15,661854.23,881855.08
184,TRANSFER,80015.19,0.0,0.0,810306.65,890321.84
596,TRANSFER,1099503.42,0.0,0.0,8093189.37,9192692.79
36,CASH_OUT,47380.91,31497.0,0.0,1269136.89,1316517.79
370,TRANSFER,614153.54,13768.84,0.0,1057139.39,1671292.92
20,CASH_OUT,138354.46,1067.0,0.0,0.0,138354.46
356,CASH_OUT,219343.09,0.0,0.0,291076.14,510419.22
182,CASH_OUT,368395.42,18448.0,0.0,386186.05,754581.47
236,CASH_OUT,98966.56,204087.0,105120.44,916295.55,1015262.11
401,CASH_OUT,26012.47,668734.0,642721.53,0.0,26012.47
142,CASH_OUT,68486.8,0.0,0.0,988118.18,1056604.98
328,CASH_OUT,130497.92,6625.0,0.0,72530.36,203028.27
21,TRANSFER,204881.17,0.0,0.0,349372.06,554253.23
258,CASH_OUT,247045.51,0.0,0.0,8018110.79,8265156.3
11,CASH_OUT,50185.83,0.0,0.0,943600.31,993786.14
10,CASH_OUT,324181.37,0.0,0.0,1613400.15,1937581.53
21,CASH_OUT,97519.71,5960.0,0.0,1830660.49,1928180.21
403,TRANSFER,287361.69,0.0,0.0,2254732.75,2542094.44
304,TRANSFER,2163158.13,10981.0,0.0,713692.56,2876850.68
153,CASH_OUT,131344.81,12688.0,0.0,48629.66,179974.47
20,CASH_OUT,122934.07,0.0,0.0,939691.55,1062625.62
187,TRANSFER,643012.69,99953.0,0.0,2327738.52,2970751.21
307,CASH_OUT,144454.02,15380.0,0.0,2308112.03,2452566.05
43,CASH_OUT,26172.06,22591.0,0.0,839331.28,764034.67
36,CASH_OUT,51632.74,74135.27,22502.53,8687414.23,8739046.97
138,CASH_OUT,31264.25,50434.0,19169.75,0.0,31264.25
249,CASH_OUT,227176.56,22325.0,0.0,0.0,227176.56
377,CASH_OUT,326335.83,0.0,0.0,12802643.97,13128979.8
187,CASH_OUT,396497.73,20856.0,0.0,0.0,396497.73
588,CASH_OUT,287226.26,106052.0,0.0,1139431.09,1426657.35
34,TRANSFER,1128985.88,0.0,0.0,24297271.47,25426257.35
162,CASH_OUT,311640.41,15397.0,0.0,1212280.54,1523920.95
186,CASH_OUT,331552.9,24522.0,0.0,0.0,331552.9
670,TRANSFER,2046269.81,0.0,0.0,4220770.77,6267040.57
201,TRANSFER,415815.62,0.0,0.0,1009965.99,1425781.61
15,TRANSFER,130741.18,75348.0,0.0,29682.0,0.0
325,CASH_OUT,157664.46,0.0,0.0,1564838.06,1722502.52
183,CASH_OUT,161618.43,505.0,0.0,919964.94,1081583.38
401,CASH_OUT,349863.05,41082.0,0.0,54540.66,404403.7
235,CASH_OUT,34498.52,97903.0,63404.48,234653.72,269152.24
